1145360
546560
1089980
1229490
1289310
1144400
1150690
1281930
1230140
548430
739630
1129190
526870
1240210
1113000
427520
667970
1057090
632360
1241510
1392820
1369320
1277930
1292940
1428310
1282200
1406990
1434480
1171370
1211020
1285670
1281800
1202540
897220
1337010
1369340
610370
362890
1178030
1126320
1172450
1140270
1377360
1102190
1241700
1318690
1161870
346010
972660
753640
881100
1349230
1237970
1235140
1104380
1239080
1449690
466630
1419860
1218900
837470
1168470
1232180
1211630
1079260
1349060
1216200
805590
1222140
1368860
1468260
1340130
1201280
638230
1049410
914800
1286710
1162750
473950
1249880
1062160
1175140
1100140
1293820
953490
1217390
969990
375480
1275890
1238730
1367550
1293860
1049100
1216080
895870
1297160
1444350
848480
1460090
1080110
1071130
1345740
1210250
470310
1156990
1271710
1045720
1064460
1164050
1283130
1114940
326460
926340
1246020
851850
913740
955740
1263850
1151440
1363430
1299120
1111370
1200720
1139890
1435310
946050
692890
1054490
1004770
852090
1295510
1451740
965680
1129920
1299370
1102130
1430420
875610
412220
418530
1012790
1016920
1227890
874390
1169200
1148590
978780
960690
1406040
1181400
1084640
1094820
1158310
894940
1130410
956030
725480
1166990
1275640
1162070
1304550
1145960
1335560
1224290
1264520
858260
1416130
1258310
1146970
1194840
1238680
573090
773790
823910
591460
1385730
1301620
1176050
1275350
985890
803330
1274140
1194740
1179210
1475380
1289640
1139900
1348700
1146370
1347780
1290220
1437830
1052990
1344740
1389630
638490
1379630
1397920
1348180
1283190
1178050
1223810
550320
904750
1252320
865540
782330
785790
1160220
1150950
1207650
1234810
1416240
955050
1089090
1116580
1225780
876650
1162650
1347030
1260820
1382200
1288170
1330890
656350
1356670
814370
994910
1100150
1450830
524910
1210030
1375540
1172620
1212620
1351170
1281790
1414020
1078200
883590
924980
1278360
1332470
893850
1361700
1311660
1233950
1284240
1211110
1186640
1086410
1306750
1240630
1183500
1163740
1302990
1404360
1232130
757320
1096180
1241520
290690
1257410
1437340
1318790
1291790
1293230
1420540
1286350
913060
1226530
1174400
1296840
1252780
1397030
1213210
1334700
1380390
1478070
1232570
1357870
792710
1139980
1397980
817840
865040
1273250
949600
1286330
1189850
1216490
1286830
1178490
1100160
1478410
1000030
1150460
1375530
1196630
1177420
1373920
589290
1060600
1338250
1202900
574980
1234520
1443430
1314460
1405440
1299320
1229580
1015940
1465860
991270
1411670
1292690
810040
1192640
1235110
938560
1236990
445220
1212400
998740
983970
1318090
1302800
1069760
1100990
1178780
1213740
1347430
1154810
1094420
1189440
1281270
541930
1259840
412020
1338640
1437010
1180540
1259430
431240
1146630
1234400
1149550
1078280
928950
1223500
1363490
1055210
1066890
1258340
1129310
926140
1383770
1366290
1038300
1178140
1307890
881040
1262190
1245640
1198040
1350350
1225560
1412170
1473050
1222040
994140
965580
1067540
268650
1087280
1181790
1438440
1437820
1166860
1162960
965590
1287800
1444090
1178220
1152300
690420
1395560
1182830
1268860
1393820
1191840
1214360
1270990
1021770
465100
866140
1213750
1341450
1096060
1173690
1291500
1217830
1114130
1120690
1358250
1285160
961010
1248990
1264710
1323000
1251460
1127850
1440440
1215090
1249130
1378290
1207780
988910
1328890
1004330
1418570
1236720
1215270
1499300
1462650
1224160
1150720
1449280
1327820
1250560
523660
1271050
960990
1393350
1198510
1436680
1301220
1243960
1356480
559650
1031510
1444110
1121420
1243670
1500820
1327020
1345470
907670
1283220
746850
1347420
1444650
1383720
1333350
1236070
1222700
1086940
1264970
1264350
1239050
1264740
1036370
1267950
1142480
1424630
830820
1417010
1249010
1188720
1183260
1133590
1357830
870780
1174390
955900
1042490
1299400
1065180
705340
1348160
1151640
1427890
1379020
1299900
1073320
1252410
811890
917840
1469250
1170760
746560
1486840
788100
939790
1268140
566490
1222670
1189060
1108370
1237950
1452850
1442300
1167450
1422380
465200
1171270
1041920
916840
407130
854940
1201240
1266980
1365940
1325880
1048740
1386710
1244260
1459910
1275630
1389950
1100420
1190160
1112890
1370170
960170
1263160
1158940
793460
1424720
1421760
1259510
1174940
1311250
1119710
814360
1238860
1253950
1135830
1166290
1376420
1291370
1100260
1305420
1232010
1329080
970830
1258710
1446330
1030840
1073810
1106840
686770
1316390
1448750
1230410
1361110
1464000
1217100
1208600
1431350
1480120
1241950
1214410
845030
1342740
1168840
1037020
1214280
1339580
1208260
1268110
1287260
1278210
1343400
1371330
1203970
1161490
1032590
1385880
1160020
892990
1346250
1111380
1332990
1238840
682990
1077520
1321120
1382730
1301720
738510
1311640
1297720
777130
994340
1304420
1184480
393380
1002430
1422630
1271300
1175430
613900
1373510
1365010
1067440
1142830
1127840
1159660
1389890
1237370
1147940
1058450
1191630
325260
1370410
1200110
1433330
1424980
1020730
1414800
1071870
1482340
651380
1379380
1446000
1173400
1078330
1306180
979110
1106530
1008020
1352020
1494920
1218260
957070
1437500
1213700
1286010
1285020
1302240
1131740
1288930
1257810
1191580
1476350
1425380
1397470
1455230
1458920
1254370
1131410
1462420
1270210
1121300
1240130
1054510
1259560
1184810
1154040
1248270
1419480
1384770
1202580
1459710
1041210
1164060
1258970
1313940
791240
1318800
1332970
1260960
962730
1111940
1205240
1347450
1215430
1095120
993790
1236560
1353270
1389270
1261970
1478220
1336340
1127610
1378040
1322170
408900
1290270
1282210
1305730
1269150
1328530
1489680
1233270
1384320
1321040
1287310
1233880
1282090
1309200
1262580
720560
761350
1453600
732930
1360000
1228600
1205900
944080
1061180
1251690
1335030
1195320
974910
1431570
1110050
1198270
1271170
1307070
1330930
1434880
1399780
486860
1307870
1227400
1271090
1122100
1202070
619320
1210230
1338460
1294760
1267810
1375870
1368340
1198740
1210800
1206290
1458930
594330
1146310
1274290
804530
1387150
890720
551620
1377260
397540
598730
893840
1451720
1221640
1279380
1300360
1114620
1221400
1175360
1224450
1255040
1000010
1311510
1353370
1218520
1316700
1040070
440640
1206700
1408110
1502790
1169100
1348300
1322290
807120
1386900
1236700
1401220
1206240
1152330
1433320
1363690
828680
1269590
1461200
1186220
1372830
1169020
1174090
1253870
1089830
1062060
1088150
1272580
1263860
1397010
751980
1261960
1401570
1330120
1058380
1393500
1409710
1249510
1373440
694060
1233540
582890
850320
958880
1240240
1463470
1419370
1213570
1261700
334310
1310510
1193070
1483800
1365030
1321270
1011190
926860
1247940
1282690
1190110
1257360
934580
1364730
1074620
1250770
1137350
727850
1412660
1139800
1364960
1404210
1420830
1164000
1394090
1293040
883360
1326000
1115690
1362420
1340120
1243790
1210610
1309130
1325870
1178290
1127110
1324030
1250520
1493530
1291530
1349970
1360980
1218280
474220
1035510
1191940
1224020
1205960
1429740
1340470
1473840
1323420
1062070
1047010
1478650
594380
1406140
801750
1404090
690040
940710
1446720
1318980
1353300
1184990
1318420
1065320
1377150
775580
1256490
1482830
1034930
1170120
1279410
1307880
1070150
1131800
1127470
1007520
1173370
971690
1357840
1337890
1029760
1391220
1321230
1232330
1181840
1336060
1180660
1256610
1284820
733210
1448800
1258020
1218250
1154850
1051960
1191550
578650
1262460
824570
1305720
1369770
1303670
1187330
1265220
910470
1404130
1215320
1278960
1289960
1366100
1451560
1339900
1421970
839910
1373430
1209140
1390380
1359120
1248820
1178210
719040
1291240
1415140
1056720
1293650
1086860
1119520
1202480
957820
1388230
1279420
1313810
1341400
1391960
1494840
1364130
1315270
1327080
1097530
893900
1109490
1158410
1213460
1293900
1298020
1444550
1144440
1216230
1286140
1343090
1361240
1154840
1247170
1238520
1335200
1190400
676510
1035950
1429950
1399930
1337280
1243130
1441790
1281080
1191440
1152820
1178000
1290200
1333190
1415020
1266690
1231590
1383740
1252560
885910
1232640
1090920
1463450
1496640
1178400
1223750
1326700
1376830
1341230
1437840
1451650
1124990
1282320
1285080
1204470
1222680
1263370
668230
833500
1370770
1404190
1097110
1346980
1398500
1417720
1354100
1393910
1363850
1131550
1152810
778780
1257910
1417420
1255380
1424050
1179100
1457740
1361760
1149940
1334020
1486690
739080
1420060
1162430
1197390
1204710
1338520
1411030
1412500
1483940
1225610
1225840
1471490
917380
1214570
1307380
1172470
994220
1484730
1214330
1233690
1279700
1163130
1255520
968370
657510
1136330
1224900
1325470
1152310
952150
1118070
1281200
1354760
1098560
1153200
1213770
1239490
1250300
1316200
1016120
1385780
847560
1066490
1127130
845050
1233570
1400510
1324070
1462490
1270590
995980
1454430
1150590
923370
1178150
1222160
1011290
1284950
1267260
1331440
257420
1368820
1325290
1200730
1366720
1066630
1122120
1333920
1110770
1161180
1225130
1244530
1243220
904400
1355880
1079510
1228520
1292010
1204740
1471910
983140
1275330
1334040
1504150
1229500
611160
1286730
1302860
1390010
598060
1299420
1189200
1214850
1389560
1061920
1430030
884980
908560
1208810
1310120
1479960
651670
654500
1360430
966070
495420
349520
879140
1229030
628830
1029220
1128370
1367230
1410700
765810
1389160
1432750
1265120
1380430
1473660
1204410
1276550
1495640
1140290
1206430
1376070
1200930
1289690
1330260
1343130
1111620
1257430
1152320
1389300
1185700
1490190
1333460
1188760
1395850
764230
813480
1343260
1433480
1035560
1283960
947430
1245810
1267870
1334300
1339180
1364980
1287540
933110
1137110
1187600
1346400
915850
1208760
1282650
1283000
1380310
1449250
691260
1235360
1442160
1322650
1159450
1365930
1411330
1462790
1097150
1334590
1373780
1286530
960910
1387350
1128810
1376890
1381980
1274200
895480
880130
1323410
1227530
780270
891170
1416460
1435090
681390
1305590
1308250
1371770
1402400
1435160
1265850
1181030
1194480
1114870
632590
1196800
1281510
1459540
1225590
1289800
1425270
1306620
1406020
1284110
1331090
1025410
1270930
1126600
1044220
1139470
1283590
1272120
1292520
420290
1379110
521150
1384700
1225570
991170
1493300
760410
1156900
1266420
730390
1059120
711980
1058690
867980
1173870
1217720
1072040
1340530
1455590
1410370
1090630
1290710
1437700
1328570
1340300
1163340
861520
1101800
1120420
1429480
1316800
744650
1262890
1010290
1196580
1222020
1283580
1328500
1383850
1392130
1410200
1487360
1284410
1240230
1003090
1056690
1244930
1438850
1212100
1240460
1046300
676500
1259380
1260670
944050
1248460
1485900
1227750
1133300
1282140
1340570
1058270
1214520
1344350
1090440
1245090
1424350
1232810
1234220
1395230
1099140
1250180
1383510
1303990
1261760
1353120
1394810
1399300
661200
1129330
1196280
1200780
1205540
1278290
1298280
1336460
1341100
1361270
1378330
1389370
1410070
1151740
1259180
1232940
1259230
985260
1196310
848030
1217050
1441570
544810
1296560
1165870
907600
1196080
1203140
1238360
1399660
927340
960220
1273590
1373880
1011610
1232580
1150730
1045010
1269820
1236900
1440510
1461740
1377930
1207230
1261640
1461360
725270
1200330
1287500
1341330
1019310
1202970
1437860
596000
1146170
754050
591760
810500
798490
1162470
1229260
1364340
1061550
1081100
1228430
1228970
1230930
1306990
1353790
1375880
1388160
1388330
1431190
1452260
1274490
1383630
1207390
1418010
1293990
544920
1416730
1304640
1371810
1186880
907410
1412240
1386790
914010
1220930
1162280
994180
1018860
1358030
1366420
1434890
1479310
1367530
1484960
1190990
1395540
567080
1300560
383120
1452990
1342620
1010100
1213670
1203990
1242790
1253110
1448940
1433950
1224120
1221280
1078320
1258190
1353900
1150640
1278390
543040
1190930
1243530
1288070
1356760
1367580
1373700
1408430
1410620
1445260
1428560
1221800
1279370
1341960
1282590
702680
1369370
1298530
1385950
1320030
1332860
912920
1144140
1171130
1207840
1249150
1256660
1294280
1407790
1416980
1259980
1384630
1067430
1421120
1411180
1340810
1452830
1433550
1157050
1351400
1146230
679490
1302110
1284180
628550
1144860
1198730
1271750
951750
726110
606800
346970
1131870
1437880
1183470
1161880
1375930
981880
1272860
1347140
1260620
1051990
1139880
1217350
1230650
1286980
1301830
1367250
1393970
1395410
1443680
1460440
1481120
1495510
1318940
1352680
857200
1274980
1121270
1167850
1173310
1481140
1412580
1072710
1141020
1156360
1336160
1050880
1227860
1270390
1349000
1355500
420560
1304390
1251910
1438190
1133070
1281630
1202310
1424900
1401920
1104330
1413210
837460
1460750
1076500
1307550
1056610
341170
1359090
1228560
45200
1247880
1390300
1413590
1288760
1330190
1234190
1408260
1154300
1261020
1400620
1221320
1338980
1090060
1184450
1277840
1315100
1313
1088420
1283630
1401680
1163070
1036540
1045900
1195530
1215500
1230010
1272100
1305490
1363790
1367520
1371710
1380630
1390060
1397280
1428840
1445400
1276100
952060
825190
874040
431940
1344790
1170720
1233250
1261660
1177720
422860
1239260
1097820
1253390
1224600
1103880
1085750
1421020
1031790
1115780
1188680
1020800
383740
1306580
1024890
1242700
1418160
1204220
1238040
1123310
1223110
1267130
1302730
1369560
1431420
1445720
1247110
1160750
1212020
1058060
1404530
785830
1259890
1262960
1284540
1285010
1335820
1345040
1446230
1452700
1161930
1233800
889710
1123030
1274800
1143710
1269620
1387480
1143430
1207310
1372300
923570
1064030
1118740
683940
675970
894430
1167460
1206910
1256220
1282890
1287860
1291060
1304290
1315710
1344450
1361020
1397540
1403720
1404070
1446090
1447600
1453430
1457330
1475420
1480010
1338420
1159640
1144800
1394800
1163590
1292770
1398390
1348390
1302780
1306260
578060
610250
670720
772570
940140
1196130
1313490
1324870
1348270
1034890
682450
1216470
1328660
1180370
1237570
1390490
1493840
1397110
1040390
1249080
1457980
1153980
1311540
1304450
672150
1202870
447980
1220200
1314840
1359650
655740
1427210
1299990
1446850
1294230
1047870
1220370
1180030
1350340
281080
1260830
771420
897930
1268370
1131140
1341220
1313310
1364010
1205630
369530
1120400
979640
1133580
1349920
1297230
1066400
745430
802260
1043870
1233790
1236810
1257670
1276600
1282510
1389750
1433430
1463760
1481020
1500490
1269550
1255740
1333360
1215280
869170
1230510
1238330
976500
1247020
1226640
681790
741110
1101310
1214200
1226010
1341720
1431220
1450050
1489810
804270
1355310
1049590
1203680
1307090
1175120
1209450
368040
1384960
1360670
696150
1313050
1135090
1091500
1202170
1335810
1197230
1202300
1214980
1257900
1259600
1267270
1423060
1440090
1453250
1420770
1341170
1452630
1346240
710600
1197030
1446280
1197620
1082930
1082180
1282600
1205950
1333410
364210
1275810
1330550
1279000
1286670
839350
1117600
1134370
1172150
1183420
1209570
1210340
1227130
1230660
1259370
1273920
1275190
1285180
1290010
1292050
1313640
1322010
1323950
1334970
1340260
1345190
1373630
1374050
1389530
1406150
1412610
1425120
1432480
1464190
1469800
1283140
1345370
1153460
870090
1177080
1283830
1304170
1307850
1330820
1339850
1227780
1374290
1016860
1254870
1377380
1265860
1061610
1205260
1457550
1091390
1123080
1261980
1267930
1290790
1338830
1457370
1457480
1373550
1071280
1296510
1001970
1173250
1223250
1198860
1270100
1273710
383840
957790
1213370
627690
1450100
1001800
1215200
780670
1139950
1228870
1442460
1001860
1322310
1281170
1119600
996180
1264770
1153430
1271540
1250410
1331910
1387030
1458530
1014040
1405220
1348920
1254620
562350
654400
1052640
1209440
1378940
1211540
1233720
1194830
1285510
1305760
1321030
1387580
359970
1252100
1260580
1328050
1345350
1375650
1392540
1440350
1455060
1494720
1284790
992990
1122510
1384550
1422150
1438760
1461630
1261040
708720
838110
984610
1252580
906100
1173330
730860
510430
949650
1001100
1023560
1063120
1176990
1185340
1201960
1202400
1219730
1236960
1254180
1271340
1281580
1283820
1290770
1300670
1311960
1346800
1353470
1357090
1365490
1389710
1404050
1424570
1434000
1436490
1479370
1064010
1314480
636970
503180
941300
526130
1177110
1216300
1256520
1308840
1477060
337460
1446480
1454140
727450
1041690
1359760
1434650
1294220
1063040
1249170
1361920
1258080
1459870
1341190
1236400
1056590
1209430
1329540
1235120
1333090
964570
1348970
1099440
1132720
590840
598740
954860
1270570
1273120
1274630
1394520
1401880
1413790
1198400
1180900
1257210
1491640
1284080
1329110
1184840
1092800
1187650
1208550
1221860
1249890
1305060
1314980
1381880
1396050
1409340
1457990
1470970
999020
1303660
1058770
1320950
1181640
895400
1426980
1174690
1209860
1202770
1230860
1007830
1310520
1120560
1254500
1465380
1153540
773630
1064540
1186340
1439800
1458000
589670
1093790
1251750
1330570
1365390
598330
1178880
1259740
1260390
831470
1296700
1440940
1152450
1171840
1273570
1121680
1213000
1383270
1414480
1334840
1426280
1256380
1394340
1185820
917900
922190
1013600
1072800
1117840
1135110
1143570
1164970
1187410
1202610
1206350
1206770
1207540
1222250
1228960
1251200
1270230
1294120
1301100
1332540
1339310
1351250
1351300
1351960
1377900
1378730
1386360
1400210
1412980
1414280
1422780
1429130
1433210
1439320
1454690
1457840
1462210
1462720
1478240
1096520
999660
1402090
1023700
1314140
684000
712260
1225060
1455760
1302050
1437870
882620
1281530
674500
400080
1283930
1126750
612640
1113090
1118000
1212110
1212300
1261750
1285940
1293000
1330630
1338390
1353550
1355570
1386020
1389010
1398130
1424070
1451890
1453450
1286340
1062080
1377550
1220900
1092040
1283500
983450
1014580
1135180
1186460
1002000
1293520
1397140
1254900
1097370
1262560
1267470
1384620
1258040
578690
1455630
826940
1121590
1389700
1431240
1298830
1337270
1421960
1349960
1304580
1441680
832140
1400320
1470920
972010
1027250
1449300
1127540
1181600
1216540
1229900
1259800
1155660
1167950
1392490
908480
1095750
1176480
1222270
1248350
1314880
1355980
1400260
1404980
1457710
1138960
1367320
1211650
1237980
1352330
1314590
1033410
1249300
1235790
1258590
1220710
1240840
1358540
1393930
1426230
890700
956310
1219320
1276530
1290290
1330330
1421100
1356180
1367690
1316740
1102650
1272970
1304910
1425770
918700
971150
1011320
1046210
1172410
1203780
1209520
1216150
1218750
1236620
1243260
1251330
1255230
1264650
1272920
1283070
1283850
1300200
1342270
1354750
1375270
1388010
1405480
1433830
1437410
1445580
1464850
1475350
1497790
1160410
1339460
384960
1214450
1261130
1371630
1305050
677260
981630
1067080
1096420
1199010
1236160
1287810
1310690
1316310
1331620
1406930
1427710
1461420
1461710
1482610
1198450
1381530
831530
1422200
1419740
1409640
612570
1391250
1202660
1221030
1300310
1040630
1419730
726000
975620
1424520
1210660
1367420
1378860
1086460
1147760
1229590
1234700
1250490
1251560
1259960
1279480
1314870
1333020
1333940
1388090
1410580
1422210
739650
1139760
1200420
1229650
1372570
1398750
1456630
1422610
1203360
1320550
1148480
1177640
1373180
1215770
1343150
1225810
1397240
795760
536270
853050
719520
717560
1225580
926580
1276540
1440280
1495990
1029570
1482700
1228410
1328810
1396490
1458590
1313860
1259970
1192610
1209490
1238000
1005460
1306790
1294300
1336430
1176710
1363470
951370
1110980
1332890
1333890
1342290
1372910
1383960
1337820
748330
1180190
1294970
1295760
1303140
1329800
1371050
1401990
1415630
1433030
1455430
1473000
1483060
1490910
1390740
1403830
1384380
1322600
1221540
1280260
1107790
790360
1248650
996770
1213870
1324420
1381590
1394700
1421690
1493410
1276730
435730
600520
843710
878770
1014850
1132220
1161110
1204580
1206260
1217070
1244190
1248100
1248680
1254070
1260490
1264010
1265460
1281350
1291090
1297200
1298890
1299430
1299820
1333030
1334610
1350280
1361150
1373170
1373770
1381640
1384670
1385590
1387980
1393480
1399380
1428980
1440840
1453280
1472040
1478880
1234620
434470
838190
941640
1211350
1300390
1462220
1390370
1162930
700240
1314300
1274940
1362390
1267770
1408060
1429780
1438060
1485260
999220
1432620
1483980
1084790
1274840
1201330
1263820
1405660
1315860
1384490
1447410
567630
1307670
1195920
1207480
1210010
1266370
1298740
1348480
1383970
1417090
1462700
1163040
1205560
1045580
1195410
1370630
1468280
878940
1012530
1225120
1441400
1452770
1178790
912570
985950
451310
1269890
1285630
931000
1385960
1420050
1212940
1361810
1398440
625960
1063710
1102040
1117890
1121000
1231740
1274910
1280970
1282110
1295490
1299710
1309980
1328750
1376840
1380840
1413560
1416430
1453460
1460310
1461060
1493070
1107820
1267400
1271910
1386440
1160440
1212730
1228790
1300060
1364800
1238060
616610
1237220
1257170
1428460
1428820
752900
1289330
1392600
972770
732240
1034750
989430
1051840
1259530
1370570
956560
1336790
1173650
1383050
1188540
1180330
1386730
1269350
669710
1033780
1185470
1327810
1265300
1249260
1222690
1200350
1095700
1201930
1315630
1361740
532750
1033220
715240
731300
819940
977180
1116800
1160040
1194910
1204630
1215120
1217870
1232830
1234690
1275490
1277190
1278710
1279810
1281810
1288130
1291670
1292100
1302270
1316290
1317120
1330940
1332800
1340980
1346630
1346700
1352130
1354580
1365550
1366060
1371800
1377680
1380900
1381500
1381630
1382380
1383410
1399540
1400140
1428270
1434970
1456340
1472320
1480470
1494570
1291170
1048600
1233820
1292240
789770
1242620
1222600
1367430
1271690
1311160
897450
1269050
1346970
1149440
1097770
1249980
1291050
1442070
1103860
1074170
1399370
1321070
1290070
1233210
1318560
808980
1094340
1207020
1214920
1216050
1234830
1256430
1257600
1275980
1339620
1339800
1346850
1385670
1393120
1403890
1422880
1442390
590510
856850
1214540
1211360
1177000
1374500
874060
1082460
1132230
1141300
1193300
1210590
1210910
1221830
1248860
1252650
1256040
1275410
1282370
1307450
1309280
1317310
1351560
1351820
1359310
1363090
1365900
1447570
1478620
910880
1157260
1174670
1286370
1256920
1343550
1184050
1449430
952700
1030490
1151430
1183840
1240690
1272450
1422910
1336120
1431040
1250650
1369470
1222800
1257560
598430
1310910
1304130
1331590
1287510
1416260
1458560
1238020
1209750
1098270
1058710
1391740
1403350
1263610
1206670
562730
1359900
1029170
1464500
1101400
1275770
1345750
1427020
1149710
1147110
1427800
1217570
1063860
1277950
1406270
1417610
915320
1372310
1013310
1291330
768460
1221440
1370620
554980
1009920
1030430
1206790
1237060
1298050
1322540
1328760
1356710
1362580
1415520
1487840
1303740
864680
1279400
1283210
1135260
1152090
833090
349730
1315200
1418720
1232710
962580
1264160
1182470
1078730
1419100
1041720
1314820
1460290
938980
1266400
1280700
1346600
1358830
1427400
769520
1023860
1027710
1080490
1085880
1152840
1172680
1201650
1202220
1206380
1210970
1220520
1221880
1222380
1223260
1223370
1231570
1231640
1240040
1247650
1248030
1259310
1259830
1270070
1283810
1285600
1285660
1289170
1298360
1300950
1300960
1301370
1302840
1308410
1316280
1318000
1323770
1326660
1330790
1338570
1346110
1346300
1347580
1358180
1358570
1371540
1375510
1376010
1376290
1376520
1379350
1380320
1383010
1383830
1389180
1392080
1415120
1424500
1427920
1428040
1429870
1437520
1454950
1493050
1165840
1246780
1121710
1266800
536900
1181270
1431100
1437720
1457930
1141570
1193510
1282050
1458350
876500
969220
1189520
1246930
1391090
658480
783430
910190
976260
1043710
1052100
1175720
1203850
1207800
1213860
1226840
1239000
1255910
1306900
1315670
1360190
1367220
1371940
1412630
1419670
1434870
1471470
1498280
1209000
1191790
1209330
1278370
945710
1279630
1379830
1058530
1447490
1359110
811620
1230340
1315120
1098170
1262600
1136020
1150620
1212190
1258480
803050
1007840
1284800
1379900
1398100
1367760
1086840
1489830
989080
1217580
1280640
875310
1225070
1391450
1243420
1206620
762560
1046470
665840
997950
1280180
1281360
1323610
1376590
1408540
1420720
1426890
1447580
1380010
1059890
939000
1073130
1465260
1337080
726490
1106710
1208220
1217900
1291640
1330170
1386160
1424080
1117420
1215750
1307530
1362780
1411920
1437420
1237870
1259000
1287590
1037990
975510
1253580
1272110
1428470
1146600
1244380
1202280
1194940
1311740
1483570
1075080
1414700
801120
1312990
1195360
477900
1343920
1219580
1263200
1433190
1437940
1481810
1103730
1350710
1252250
678150
951490
1073890
1113760
1116100
1210570
1219420
1283610
1286160
1311440
1343700
1350480
1351350
1360580
1373830
1374400
1375640
1381300
1418460
1470030
1275380
1212830
1238280
1221080
1260220
1197150
1202240
1383170
1077470
1127330
1210620
878670
1377920
1237530
1232510
1255130
1283280
628670
1314630
616700
1386200
753400
1024950
1066460
1264310
1379070
1380150
726360
1147450
1226990
1215950
1247720
995470
911680
1216550
1252160
1320830
1090900
1003190
1153260
1180970
1184960
1256190
1273800
1300490
1308240
1347360
1390000
1392790
1486270
1493310
1496620
862700
1136910
1149690
1207380
1219740
1229280
1236450
1295740
1303280
1374940
1379510
1447540
1339330
1472620
851280
1460250
1292540
389710
604990
710620
787150
818420
821490
855770
895000
1055960
1087050
1145830
1160670
1165090
1170840
1191690
1193330
1201750
1207500
1214530
1214760
1216310
1218020
1220040
1222980
1224490
1226920
1234340
1239740
1243900
1247400
1248490
1248810
1257890
1260370
1261630
1264410
1265270
1267530
1268700
1273270
1284480
1285070
1285490
1288940
1289060
1290040
1290680
1292950
1318530
1319720
1330920
1335910
1337200
1338360
1340080
1340310
1355410
1357930
1358760
1361120
1365630
1368750
1370640
1374700
1374900
1378010
1378660
1381720
1394760
1395190
1395630
1396140
1400190
1408450
1409310
1414220
1416690
1417130
1427930
1436190
1439420
1443160
1445540
1449640
1454030
1469860
1476220
1477000
1388860
1134440
1125110
1245950
1388130
1081590
1222200
1332490
1457690
1071290
1366700
1202100
1437650
1144250
926540
1234260
1113770
1279320
1344810
1366150
1406280
1463870
1464910
1451110
1219950
966400
1345870
1273450
1321010
1207590
1216590
1415830
1421230
964650
975950
1444670
1285000
1362190
931450
1309940
1385810
1264180
1216880
1170610
1241100
611770
1046660
1459360
1201760
556960
708970
714820
912900
934630
1206720
1329990
609920
1344840
1436650
1050280
1446320
944690
945280
1100350
1123230
1219020
1246710
1295570
1433090
1467390
1119700
1217490
1205150
1444750
1195910
1261090
1151340
1167320
1191070
1048860
1077250
1103790
1160610
1199560
1210330
1219700
1220690
1253160
1259330
1283330
1302550
1339170
1342730
1347590
1354510
1359850
1374850
1397160
1457070
1467060
1470220
1498630
951530
1181520
886900
812190
940590
1029340
1208050
1226490
1262120
1285580
1305690
1345950
1364710
1393310
1425280
1449370
1485630
1266640
1332620
1351370
1359300
1221990
1273520
1470320
1210110
1033960
1199360
1232140
1292920
1389070
689720
1260800
1462620
1209040
1448530
708550
1276040
1226000
1393270
1276660
1309860
696220
1007810
812440
1060220
675690
968870
1105040
1167790
1210740
1302440
1195020
758080
1271740
1402410
1080410
1437850
1232460
1479170
1361580
1427480
882100
1202570
1316050
1355510
1366320
1414930
812870
1123190
1344800
1140890
851150
1056640
1296260
1469370
810590
1232610
1331330
1371040
1016730
1176160
1310210
1004750
1328910
826630
1262240
1197590
1020030
1137330
545880
1084710
1237260
1265080
1279450
1318130
1328410
1372990
1377060
1415250
1146210
1249500
1252030
1342850
1387560
1420950
1476080
1261520
1087440
1341160
993980
668320
1266680
1412510
723410
752170
1444730
1216660
1372370
1066610
1022980
1079320
812590
889150
891850
924520
926610
969340
986670
1070350
1074390
1098480
1098660
1103160
1109170
1120390
1125370
1126880
1143550
1167730
1182890
1198900
1201790
1207130
1207860
1217440
1219980
1224470
1231120
1232290
1253050
1260030
1261820
1264900
1271760
1272240
1273890
1276330
1283450
1283890
1286650
1290480
1290920
1291020
1294020
1308570
1319270
1320400
1321350
1327720
1328560
1331030
1333380
1335210
1335340
1335880
1336230
1337020
1340320
1340870
1344830
1347960
1348260
1348930
1355720
1359000
1359800
1360490
1362720
1367680
1371110
1374640
1375160
1376060
1379570
1382890
1387620
1389030
1391630
1394210
1394600
1399990
1400170
1400480
1414270
1417640
1417840
1430820
1449760
1454930
1456250
1474940
1495280
1374470
1293920
1394420
1458900
1209990
1213680
428170
675270
781920
1017820
1123090
1145950
1171080
1208900
1220830
1279620
1310650
1336830
1349940
1357000
1398080
1419110
1440530
1444890
970600
1227260
936500
1268100
1336950
1487460
1375740
1383450
1125330
1154080
839770
1316640
1416160
788630
1112690
1175200
454830
761300
761920
960140
1113370
1127270
1186690
1192160
1210830
1221630
1226880
1240140
1276320
1281990
1307640
1310230
1320240
1322330
1323200
1324860
1334330
1338090
1344950
1352660
1355420
1369410
1369740
1376940
1385350
1399260
1405270
1407050
1414990
1437270
1437430
1439700
1448460
1460670
1470480
1479020
1255550
1436600
1016790
899310
835650
1215260
350150
1065940
1409610
674480
1217260
1230200
1257930
1363980
1443490
864160
917150
868770
1216220
1097790
1112580
1189360
808880
1248140
1322490
1292170
1209910
1433890
890520
1268290
1469300
1411800
1401320
529970
1222870
1231540
1246950
1241500
1015140
1468040
1112830
1203560
999860
297190
1054050
1056040
1216350
1244210
1339920
1350850
1219650
1234750
1355050
1376640
1403740
1413300
1417670
1217190
738270
689980
1177020
1287150
1328920
1408700
1357610
1361860
1134630
1218570
1275590
378760
1412470
1029870
1465210
1177030
1323620
953690
1426500
1185740
1314930
1162180
1339380
1222090
1066810
762180
1260710
1363770
1238810
1162320
1227600
1452220
1473920
1475970
1480340
1397350
1426090
1262640
1194630
810360
1206280
1274430
1337330
1339550
1417270
1381440
1024380
987810
1021680
1153040
1154640
1163570
1196890
1208420
1212860
1217310
1238250
1243820
1273430
1277710
1281140
1287100
1292980
1293780
1353950
1358880
1373740
1447050
1455090
1464930
1353680
1242960
1315070
1263450
1265960
1297010
1438260
1138080
1265870
1154110
1339410
771530
1101360
701080
979520
1236040
1268150
1299750
1309290
861030
1298820
1124560
864450
1217930
1351950
1468180
1077850
1268530
1441900
680830
1269810
1426110
1423780
1189780
1262540
1195710
1207710
1220920
1236190
1261170
1269990
1361520
1370250
1441300
1444430
1446100
1448650
1461040
1470900
1477880
1274300
1048580
1230560
816430
1495830
1206480
1218890
1005520
1063950
1236390
1249070
979800
1461490
1120940
1222940
1234030
1310790
1343220
1486030
511760
700400
1035690
1141070
1167710
1174820
1201380
1240370
1246420
1260300
1260700
1264820
1265580
1272330
1273290
1308980
1309550
1313350
1315250
1321590
1336970
1339750
1345140
1349390
1354530
1369580
1381280
1385320
1393740
1398420
1411770
1412250
1417690
1461020
1479530
1034060
839020
1148700
1294310
1238820
1379970
1339500
794960
1115450
737500
1309870
1072620
822800
1216610
1284550
1113220
1130880
1227590
1256510
1296880
1407060
1334580
1184320
819520
1254280
1424790
796290
1254930
1263110
1393100
1432330
1121550
1207210
1219860
1296860
1366610
1122780
1233780
1027820
1195220
590670
1400520
690980
1034850
1245470
1249060
582460
732850
743920
785150
835800
893810
1008600
1059640
1081200
1127230
1137680
1139100
1140540
1146360
1153330
1153370
1154340
1164920
1172720
1182260
1185530
1198550
1199740
1204030
1208240
1209160
1213140
1215350
1215720
1221330
1225940
1225980
1228820
1235770
1237210
1244300
1246540
1246620
1250510
1252450
1255870
1257000
1258000
1262790
1264090
1266380
1269190
1271840
1272530
1274690
1277650
1282330
1285130
1286640
1288330
1290670
1293940
1295420
1301730
1305610
1311670
1312000
1314500
1317070
1326870
1327100
1327540
1330160
1337660
1341270
1342910
1344930
1348240
1350920
1351650
1351840
1354420
1364570
1369780
1369800
1370300
1371910
1372630
1373450
1374040
1374630
1378840
1380720
1380820
1386190
1386460
1388390
1388760
1389730
1390560
1390970
1396350
1397810
1401080
1414710
1419360
1424610
1426160
1431550
1431690
1433390
1434300
1435680
1438680
1445500
1450620
1453000
1453660
1455420
1456490
1457180
1460930
1462340
1464520
1469700
1469750
1471900
1475100
1479000
1481660
1481930
1483140
1484100
1487730
1493380
762220
1344070
1356530
1233260
1144460
1030830
1075190
958530
1400290
1330250
1239580
1219940
662680
1268350
1437550
877330
1359160
1351290
1459070
443000
1090670
1393410
1303440
685110
972180
1049840
1109220
1127530
1164480
1168060
1200290
1218560
1218670
1220330
1253940
1263060
1265140
1274440
1281700
1285350
1328830
1350820
1373600
1375810
1379370
1384090
1384350
1395180
1411420
1411660
1431150
1462860
1471630
1151120
1162480
1301850
1354370
1274090
1084990
1183670
1292490
1479460
1355930
432210
663760
872220
1013820
1113240
1148550
1183200
1199170
1203050
1234290
1264800
1322700
1332210
1363140
1392040
1417200
486440
1259130
1014940
1268250
1328220
1456280
1232590
923230
1086970
1155940
1167640
1219230
1291250
1366570
1430200
877800
1143770
1150130
1198810
1228680
1264850
1268380
1292220
1292250
1370660
1394830
1398790
1410080
1464480
1236240
1145660
1042670
887970
363360
1198050
1409740
1196500
1213550
914700
1361350
904360
1443820
966430
1255970
1203660
1292880
892310
1274540
848530
913710
1415920
1267240
1341930
801400
912550
1222170
1261670
1433940
441440
1217610
1227800
1140630
1292180
969540
1026760
1067580
1227910
1458810
1468000
600080
1311310
1203570
932210
1305440
1470280
1089780
1250060
1057750
875800
1077210
1175480
1278880
1295670
1313470
1336450
1487320
948640
1034540
1272130
1346890
1310590
710220
1408220
1266140
486410
763680
950490
1093870
1128280
1166130
1180360
1188290
1189650
1210880
1212290
1212930
1215540
1218760
1221070
1235400
1235430
1243930
1246680
1251520
1261390
1261500
1268540
1293880
1299220
1303370
1305660
1308790
1309850
1313120
1329440
1329830
1331650
1334200
1334830
1338780
1343660
1356610
1356970
1363560
1372380
1377120
1394640
1396580
1407870
1408410
1435980
1436870
1445430
1462910
1464400
1479830
1495130
511540
618010
652780
1141880
1193560
1212610
1371170
1376040
1432670
1437980
1447070
946110
1267370
1381770
1461800
1271190
1173410
1420960
1276610
1345080
1109720
1144510
1177990
1179620
1180650
1218200
1238400
1341630
1342600
1425390
1479300
773840
914750
1150080
1062960
1299580
1336560
1247190
1144620
1193210
1294750
1301580
1308170
1310050
1310270
1312070
1357750
1359080
1377350
1406110
772750
1167490
1170300
1196690
1223390
1232230
1243150
1245820
1247830
1273010
1286810
1299890
1337030
1343990
1344140
1348400
1350540
1377890
1394140
1394750
1396610
1448290
1459640
1463510
1222400
1305540
1336420
1389260
962630
1069210
1154130
1157560
1087110
1128220
1354240
1422750
844960
884990
1457150
1244950
666870
1239970
1418680
1474100
1099460
1245500
1261530
1066430
1184160
1324270
1059230
1154680
975150
1238880
1386040
918950
1016940
1299840
1383490
1430120
1197280
1376220
1045430
1429640
915200
1416450
1455530
1250250
1245570
1194930
794240
557900
1422240
1254360
1324830
1342250
1255830
1386950
1188970
1311320
1316770
1403460
1410210
1436830
1473870
1482710
1344440
1481680
1491720
873840
1260130
1251300
1171660
1233420
1439170
1304660
1393830
1205620
1264670
1044870
1218920
1259460
1273790
1108390
1157820
1184880
1220080
1284260
1316830
1332940
1376270
1377600
1222730
1373110
1144970
1117670
1248800
1314160
828640
1350080
1355140
1019550
709710
1203750
1351360
684800
705920
815110
868730
877710
903790
955500
977830
981080
984910
1020120
1044800
1052140
1095820
1102000
1113860
1131110
1138310
1144000
1146330
1154160
1162640
1165740
1172480
1181510
1183210
1187250
1189820
1190540
1193830
1212740
1214380
1217280
1218310
1219170
1223550
1229190
1230840
1231440
1234160
1238340
1238710
1239120
1239990
1240270
1240510
1243290
1245730
1246170
1248510
1248730
1248960
1249390
1253760
1255880
1256440
1256650
1258070
1258650
1259660
1260610
1261280
1262450
1263520
1268830
1270030
1270440
1271820
1272000
1272150
1273070
1274340
1274380
1274390
1279970
1281180
1283270
1283800
1284290
1284630
1284660
1286150
1288090
1288300
1289850
1291140
1291610
1293190
1298320
1299010
1300180
1300630
1303420
1304120
1304310
1307310
1309910
1311610
1312160
1314270
1320470
1323350
1323910
1324040
1329420
1329630
1329810
1330500
1334510
1335350
1338410
1340330
1340540
1340740
1340950
1342640
1344170
1344570
1347700
1348960
1349290
1351200
1352590
1354070
1357490
1357540
1363170
1363200
1364360
1368330
1370310
1372270
1372560
1375560
1375690
1379040
1381450
1382180
1382630
1383120
1383730
1384480
1384680
1385990
1386110
1387910
1388670
1391940
1392140
1394510
1399910
1400920
1406750
1413170
1414380
1414570
1415110
1420690
1420970
1422680
1423830
1424270
1428360
1435590
1437480
1438950
1439100
1441830
1442770
1458880
1459850
1461410
1462960
1476750
1476870
1477660
1480970
1488500
1495090
1198390
1315390
556530
1202640
1072500
1111390
945680
1253680
1031650
1054720
1060360
1063300
1087800
1135040
1188630
1227010
1227490
1255640
1275860
1350570
1374200
1431840
1435480
1078490
610730
1243140
1201550
1003450
1134320
1179010
1265570
1344820
1060210
1157940
1039310
1367970
1364950
1385700
1258980
492150
1014050
1236860
1455380
593060
858740
980190
1084840
1114630
1153470
1169920
1185280
1186530
1202930
1206900
1214460
1231130
1243010
1245000
1265770
1273320
1273930
1283260
1296650
1309430
1331120
1332380
1333900
1362130
1373080
1385540
1388720
1413500
1414490
1427900
1432980
1440780
1446420
1452360
1454600
1474130
1489480
1286600
835570
1095060
683260
1191590
1220120
1254150
1271030
1339870
1354520
1361790
1363270
1379660
1403190
1418310
1423270
1390480
952600
1005480
1096600
1112360
1113850
1172120
1177850
1178500
1186100
1186570
1196970
1200090
1211100
1212710
1213450
1215600
1222060
1222390
1226890
1228860
1232260
1232550
1233580
1235160
1248910
1255170
1258840
1264140
1275230
1282710
1282880
1288830
1290390
1330080
1356300
1360510
1370000
1372640
1387200
1389510
1394350
1394880
1416150
1419680
1425240
1426190
1450240
1453740
1462780
1498460
1269250
1289490
1273780
1056230
1174420
1197210
1225600
1314620
1361440
1363390
1426900
1237610
1021800
1043150
1247640
1239660
1067860
1292910
1409730
712190
704030
1231520
1372090
1428780
1241040
1192730
1221230
1253820
1269830
1481970
971160
1008210
1256690
1101190
937870
1060160
986370
1203400
1208980
1210780
1232430
1244140
1252020
1274640
1286210
1308650
1335440
1341470
1359840
1398270
1444170
888130
1420850
1044410
1490310
1201810
1312310
1323600
1462640
1275070
1279800
691390
1420740
1300270
1267010
1391790
1274610
1302590
1226020
1280070
1132970
511440
583530
1217380
1321400
1352380
1426990
1300430
801760
1204370
1222640
1441590
1193100
916180
976030
1175900
1319290
1386990
1485280
794850
1105600
1177170
1232500
1274020
1305500
1306760
1307900
1323480
1334530
1414090
1454200
1469340
997070
1250870
1311700
1014360
1200230
1251980
1089760
1170400
1358860
1376730
1447090
1471570
1486050
1486520
715380
1221590
715660
1412040
1265240
985940
1172830
860660
1337240
1351830
1489840
1503540
1384890
1175060
1402000
1379200
1304320
823940
1164750
609850
1449750
1271580
1102370
1168250
1272690
1281610
1422930
1171260
1274820
1329320
1210490
1208580
1396630
1130560
500350
528940
728110
897890
961850
1164300
1175500
1192260
1212040
1215960
1218850
1234890
1241370
1278520
1291310
1298340
1312540
1314680
1322090
1343850
1359450
1374090
1380260
1389380
1393340
1394680
1425140
1425330
1435660
1438270
1465410
1473930
1301990
1374990
1287000
1121820
1135030
1201950
1219110
1226610
1267940
1344600
1351550
1424360
1478420
1339890
1395310
1155440
1198310
856990
1233170
1297390
1254630
1208770
1155880
900290
1227160
1286480
1166730
1263700
1292960
1428520
1177610
1090800
1200710
1163550
1153700
1307240
1392170
1025260
731250
1428610
1266220
1261010
1417770
1431720
1437030
1265230
1097550
1231950
1085930
1205060
1207010
1225930
1232120
1235090
1257250
1490130
880220
1175890
1336840
1224640
1070690
1293120
662960
904900
1173730
1191870
1281890
1351970
450860
1134450
1355430
1442650
644010
1232980
1233350
611550
891520
1090910
1111330
1145220
1164310
1165100
1195430
1199420
1201250
1206040
1213650
1214320
1215700
1217880
1220850
1220880
1228490
1230430
1235130
1237090
1238540
1238720
1240090
1243640
1254820
1257700
1258560
1259390
1261900
1277100
1278090
1278110
1283350
1288030
1290820
1318110
1318870
1322520
1329430
1335970
1338880
1340400
1340860
1344520
1345030
1361190
1361200
1368620
1370710
1370720
1375920
1376820
1381270
1383290
1384500
1385690
1387450
1387610
1391600
1395000
1404970
1406240
1406350
1406740
1414500
1415620
1427120
1427910
1427970
1434340
1464050
1465120
1468750
1474780
1479210
1479750
1486430
1495070
1170210
1204380
1215650
1232310
1234600
1234850
1255010
1259860
1263490
1271530
1328470
1345940
1347350
1395010
1430740
1440020
1447730
1189800
1422260
1248550
1478600
1281390
1213640
1222180
1282930
1089590
1142410
1178180
1259990
1269240
1292280
1367780
1368960
1209360
941570
1201630
1361500
982670
1051900
1308870
1066160
1313530
1178160
1173150
1465390
1344110
846730
1054450
1249780
1351450
1226690
1254530
1239440
1284390
1302180
1308760
1459930
1412780
389800
593100
1076790
1173230
1254950
1271620
1355810
1421320
903710
1090250
1020780
1298670
1166310
1107440
1272340
1290110
1325370
1368350
1432350
838410
1457810
745970
1130710
1209720
1387170
1471610
1185560
1388430
523890
727740
765520
878030
914440
921670
980360
1012640
1012670
1016030
1031220
1040370
1060550
1076450
1079470
1109100
1110090
1112230
1139660
1145200
1145300
1146430
1150540
1157850
1159870
1167800
1170250
1171800
1174200
1179310
1195090
1197490
1200600
1203390
1203950
1206010
1207260
1208860
1209300
1209610
1210790
1212320
1212640
1214130
1214680
1217520
1219030
1219820
1221390
1221430
1223670
1223880
1226170
1226760
1227900
1231270
1233030
1234070
1234540
1236100
1237670
1237700
1239470
1239870
1240620
1241400
1241860
1243370
1244830
1248370
1248740
1252120
1252510
1254200
1256360
1258420
1258440
1258930
1259470
1259570
1261290
1263590
1266070
1267410
1268880
1272020
1272520
1274190
1276170
1276890
1277340
1278040
1282040
1288630
1289260
1291280
1293950
1298500
1298880
1299660
1299720
1303790
1303930
1304360
1309040
1312470
1313200
1315910
1319880
1322080
1323870
1327600
1328460
1332250
1333870
1334760
1334980
1335600
1337170
1339290
1341240
1341250
1342180
1343310
1343450
1344340
1344780
1345050
1347170
1347690
1350030
1350300
1351870
1353310
1355630
1356830
1357200
1357280
1357550
1357580
1360280
1361430
1362750
1362890
1362940
1366000
1366310
1367350
1368830
1370550
1371320
1374600
1375420
1375780
1375940
1377970
1378250
1378580
1378820
1379640
1379980
1382020
1383060
1384740
1384990
1385050
1385570
1386700
1387320
1388260
1389740
1391350
1393960
1395780
1396500
1397530
1397720
1398820
1399150
1399630
1401360
1401670
1402010
1403130
1403230
1405960
1405970
1407800
1407850
1408490
1409320
1409570
1410380
1411410
1414070
1418350
1419330
1420860
1423590
1424190
1424380
1425640
1426330
1427980
1428290
1428630
1430340
1432290
1435540
1437100
1437160
1437600
1438830
1440370
1441630
1443400
1443500
1446410
1448070
1450200
1451800
1453350
1454360
1455290
1456410
1456640
1462690
1465830
1466140
1469660
1470660
1470910
1471500
1472820
1473100
1475250
1475770
1477850
1481070
1485380
1490880
1492780
1498400
1499420
1500030
1173950
1221890
1260470
1326170
1382370
1392670
940870
1128140
1373350
1343970
1097960
775620
747850
1322180
1440890
939100
1495670
1314290
656320
911420
1099090
1113340
1132290
1135170
1162630
1168420
1185960
1189430
1199770
1210850
1211950
1212330
1247730
1258580
1266410
1269560
1284430
1289120
1290830
1292140
1295030
1303350
1319690
1321840
1326920
1327370
1333950
1339670
1346330
1356260
1367130
1370180
1370510
1376360
1378120
1379050
1382770
1383200
1397040
1399480
1400980
1411000
1429400
1436390
1436570
1449140
1460230
1461220
1461500
1464390
1050720
1071350
1191280
1264360
1363600
1408530
1448220
1493400
870390
732160
1273580
1266600
992910
1314410
1496380
461400
1127170
1191420
1416340
1020440
1230990
1231190
1236670
1238320
1361480
1386840
1407860
401760
1221290
448860
684700
1208830
1401840
1413070
1471530
1070940
1316570
1231670
1476920
1015790
1292750
1207770
1492080
1387290
1022150
1109800
1119590
1186940
1207420
1211490
1215340
1231710
1255030
1265970
1286360
1289900
1308470
1325520
1343680
1360790
1373270
1376950
1377240
1379670
1399850
1443260
1451490
1300160
1307780
1442380
1252390
1245380
1225260
1201260
967390
1422090
1202650
615690
735490
791260
1212440
1275250
1290510
1315620
1329470
1343410
1349130
1433930
1397620
1196880
1145570
925570
1232420
1325800
1074180
615700
1116590
1215930
1260770
1287230
1358630
1365950
1431270
1391800
1117930
1256950
1140100
1189740
853320
1148980
1266440
1269600
1276430
1307250
1347460
1377420
1399140
1416000
1418090
1470820
664260
1234550
1234900
1297530
1381480
1386810
1453440
1222470
700200
1039350
1423200
1128970
1208370
1210380
1217330
1218830
1224130
1270870
1362860
1367750
1415750
1493230
1165400
1003370
1236430
1267860
1438100
1022710
658830
1044790
1184210
1221240
1224690
1158970
1401610
1078380
1255990
945140
616830
1188430
676840
1262910
1122970
1263550
820020
753590
590800
756170
854680
1019910
1051060
1072210
1121860
1141840
1151500
1153060
1164660
1208460
1208870
1214990
1217160
1217510
1222840
1225710
1227740
1235570
1237900
1243450
1243580
1244470
1246120
1255160
1257190
1257520
1270650
1272820
1277900
1281920
1283720
1289610
1292720
1294630
1295750
1301380
1304220
1304520
1311140
1330610
1338140
1344630
1344860
1348990
1351310
1353160
1360080
1362300
1363960
1364400
1364460
1367620
1370220
1371730
1381460
1389410
1392070
1404930
1405170
1408350
1408630
1413290
1414300
1414900
1423880
1427100
1427950
1432310
1434220
1435420
1443640
1449580
1449720
1451580
1456710
1457130
1460970
1462170
1462540
1471680
1480240
1483600
1495910
1500310
1122180
1302930
1271080
598780
1229570
1201640
1404150
1488080
1464610
845490
1037830
1280010
1155460
898390
1044040
822710
948850
1210700
1453730
903950
1240050
1424850
1400180
1150040
1242820
1301470
1499680
1329790
1062100
1394690
1252760
1421700
406710
869750
1209650
951330
1379930
1420580
1065550
1245260
1300190
1381290
1493810
602270
1014240
1072600
1171350
1180700
1198440
1203500
1203810
1212780
1227730
1248870
1250290
1250350
1255140
1259300
1260160
1260170
1290460
1295250
1301560
1302160
1307490
1308280
1322740
1332630
1364000
1370850
1372010
1373310
1373580
1374430
1376340
1397710
1410790
1413550
1417150
1453200
1463040
1463980
1464120
1466090
1474430
1477900
1490620
1203160
1249800
724370
467750
1299600
1390390
1400760
1439030
1444360
910830
474890
1229310
647650
1126060
1160620
1241110
1255320
1311690
1312050
1343140
1377370
1379840
1470270
1298260
969200
1069220
1104690
1205160
1237590
1247920
1250030
1251430
1283990
1332120
1334800
1336620
1350630
1359170
1360290
1371760
1417530
1452000
1476330
1502240
1003560
1165920
1241780
1262780
1282500
1288670
1351710
1361490
1414720
1430160
1032450
1228950
1307200
1307460
1324360
1331040
1358640
1382160
1400200
1420320
1172050
1245780
1135910
1202150
1297660
1486800
1026880
1244860
1322270
1445630
1186040
1371660
1292630
926420
1348510
1097240
1020050
1147980
1273390
956540
1237760
1240810
1268870
1461540
1210220
1352440
1305000
1355370
1384400
511430
1242670
1465170
1306100
1234840
1235460
414160
1219060
1384870
1430010
1472950
1484580
1039870
804870
1162050
1151920
1325610
1251680
746750
946700
1028840
1180420
1322730
1410500
1438870
1494220
492840
1403280
1152620
1166110
1417190
864730
1197220
1396260
898490
1208330
1254860
1275390
1341640
1384790
1394160
598400
1284760
1224480
304690
1306780
1054690
1396380
1241910
900010
1467020
1201940
1190760
1240120
1254430
1282900
1491280
824770
1009290
1238080
1022310
1179220
1463170
1255660
1365560
1405790
789160
1201730
1208490
1225640
1225850
1322260
1414840
1442590
1182020
1296280
1101050
1247070
1368770
1202780
1312250
1415010
605800
1258460
1205140
1254480
1285210
1402320
1160580
1218230
1269960
1278350
1233710
830850
1209080
1219450
1220160
1244850
1255840
1319260
1329450
1339530
1340020
1348980
1350500
1361260
1368640
1380470
1407240
1430310
1452670
1224530
1133330
1279590
1077630
1170190
795990
1148360
1199790
1236530
1335300
1190130
1233550
1436900
1235910
1289010
536370
732510
886220
1004040
1115110
1165430
1184260
1194490
1219300
1225380
1237800
1239180
1247910
1269320
1272360
1330760
1340850
1350060
1385970
1393800
1428580
1456060
1465010
1478470
960740
1024480
844500
897410
964620
1422730
939450
1199450
882760
925010
1014110
1119860
1269030
1413010
1467260
1373220
1246230
1005990
704110
1278200
1336130
1279580
931310
1392030
1464730
1218740
527960
840050
977410
1191510
1222000
1225680
1235510
1235810
1236000
1247030
1255730
1260860
1264930
1267230
1268190
1269180
1269540
1273160
1278670
1283250
1286170
1289780
1294920
1305370
1307730
1312190
1312570
1314730
1314830
1319100
1336150
1340420
1348220
1364830
1365620
1373710
1375000
1375460
1376090
1379470
1383400
1393080
1400930
1406770
1407530
1415200
1415870
1424010
1427420
1428440
1432400
1434620
1436800
1450780
1453080
1479010
1480400
1480570
1482850
1485860
1265030
1261160
1278100
1467810
1470730
740270
571630
1248970
1301480
1459560
895040
1359470
578210
1301970
1339420
1376300
1455560
1220890
644290
1217200
1178430
1253570
661470
868260
1231900
1442480
1369400
1300680
935570
510370
458180
738190
844940
986790
995310
1023110
1046350
1110340
1125700
1140400
1146120
1173240
1173640
1206550
1211390
1211610
1213660
1221510
1225100
1227090
1228700
1240180
1240680
1245170
1246600
1250040
1262380
1271510
1286470
1286950
1292070
1293430
1296200
1300590
1304790
1305320
1313870
1315900
1316130
1324730
1334620
1336020
1336440
1341500
1342500
1345200
1350860
1351980
1354460
1355300
1356360
1356380
1360150
1360820
1362670
1366940
1368420
1373760
1374220
1379450
1380500
1386320
1388520
1388530
1395170
1399400
1400680
1409680
1411360
1423360
1423680
1427960
1432880
1434230
1439550
1443810
1445050
1447160
1449400
1450020
1454320
1467580
1469330
1477440
1485940
1486340
745010
1126130
1296290
1261570
1091090
1424250
1215180
1017880
1128210
1183510
1206230
1251840
1258730
1265730
1300050
1333860
1355010
1371790
1392430
1443360
1459160
350140
413750
551130
676600
751270
751920
757050
766910
773850
783230
804690
811940
814560
858700
883780
884610
885080
905120
916210
938680
982090
1008430
1030770
1033150
1044900
1068190
1090490
1093690
1105160
1106950
1112350
1113360
1127480
1130440
1133800
1156770
1157830
1157840
1157870
1157880
1158460
1158750
1160560
1160980
1161210
1161550
1167190
1175030
1175040
1175070
1177490
1180070
1180840
1181940
1181970
1190320
1191570
1191610
1195610
1199240
1199650
1200060
1200990
1203280
1204250
1204670
1206310
1206510
1206710
1211060
1211070
1211230
1211700
1213760
1213980
1216480
1216770
1216780
1218110
1218300
1219120
1219310
1220440
1222230
1223200
1223760
1224010
1224650
1225240
1226230
1227040
1227050
1228450
1229450
1230020
1231720
1231770
1231810
1233240
1234360
1237120
1237240
1238970
1239140
1241180
1241690
1243040
1243410
1244050
1244890
1246200
1246320
1248570
1248670
1250660
1250810
1250990
1251470
1251950
1253240
1253320
1255410
1255420
1256550
1256770
1258990
1261490
1262880
1263090
1264290
1265130
1265260
1266050
1266390
1267920
1267960
1268840
1268990
1269230
1269900
1270780
1271930
1272030
1273060
1273530
1274110
1274160
1275320
1276820
1277520
1280670
1280980
1282580
1283240
1283380
1283920
1284200
1284350
1284360
1285440
1285740
1285970
1286930
1287180
1287790
1287970
1288550
1289240
1289770
1291720
1293970
1296410
1296810
1297180
1297560
1298600
1298640
1299260
1299680
1299730
1300550
1301260
1301650
1302400
1302470
1303210
1303270
1303630
1306240
1309170
1310620
1310840
1311400
1312240
1315040
1315920
1318840
1321110
1324320
1324490
1325220
1328430
1328850
1330300
1331860
1332690
1333430
1333500
1333590
1334050
1337070
1337340
1338180
1339810
1340820
1341830
1343050
1343100
1343510
1344760
1345240
1347390
1350470
1350590
1353040
1353690
1354800
1354970
1355070
1356750
1356790
1358430
1358590
1359340
1360260
1360480
1360890
1361950
1364750
1365380
1367380
1368000
1368560
1371000
1371120
1371180
1372120
1372670
1375090
1375120
1376140
1376350
1377200
1378100
1382310
1382870
1383220
1384450
1385750
1385830
1386680
1390870
1390920
1391130
1391620
1391770
1392000
1392230
1392410
1392660
1393550
1393650
1395470
1396950
1397050
1397960
1398290
1398900
1399040
1401870
1402060
1402130
1402380
1403550
1410300
1412440
1412750
1413440
1413780
1414060
1414920
1417170
1417450
1418490
1418520
1419140
1419770
1423970
1424120
1424650
1424960
1425170
1426130
1427540
1427770
1429800
1431470
1432000
1433910
1434550
1436910
1439790
1440380
1443030
1443650
1445670
1447970
1449960
1450070
1451440
1451980
1453480
1455730
1455930
1456870
1458250
1458650
1459740
1459840
1460530
1460910
1461240
1463380
1465060
1466240
1466620
1469230
1470680
1475470
1479910
1480210
1488220
1489220
1491540
1497240
1500400
1292550
872410
756410
715810
495600
1407190
821350
963220
1266560
898010
1440870
434190
251650
650740
427880
769720
1229090
1262080
1380780
1264220
942020
1218360
1277320
1313560
1436980
1177430
1097300
1217220
589250
590790
1199060
1236760
1435020
1464200
1486890
886160
853330
1007070
1135200
1167970
1212960
1224050
1227390
1228670
1249850
1254590
1267330
1271460
1287420
1339820
1346680
1365400
1373240
1440810
1400100
1265360
1340600
1179680
1263840
1280550
1372700
293220
1270980
921940
1382530
1198260
1280370
1204700
1312950
1319430
987150
971650
1445810
1449420
1466290
1106750
1254400
1247370
1174780
1224380
1234120
1252050
1261880
1362430
1023680
1106350
1263680
1265810
1266480
1289500
1305380
1315650
1356460
1359890
1382840
1409370
1420330
1431630
1451360
1271630
1221420
1226250
1285870
1276470
1055490
1388370
1392700
711380
1047860
1173110
1208380
1233380
1244960
1245610
1039590
1107730
1206000
1222130
1274310
1311220
1169060
1198080
1218550
1233230
1235950
1256500
1260910
1301250
1302090
1309350
1316520
1318520
1332590
1337780
1340770
1362520
1364430
1371220
1372390
1387410
1395900
1406900
1419190
1424890
1440750
1461000
1500240
1417500
291840
1172950
1225870
1207400
1215860
1324560
1342480
1345360
1453140
1324010
1357710
1329410
970370
1413540
1338650
1297320
1153880
804850
1035530
1146730
1162900
1283110
1303260
1386910
1062340
1337590
1128800
1251060
1168170
1066130
1142390
1278500
866770
1077740
1123510
1288600
1318210
1335510
1250100
1342340
561440
1096300
1403110
1091590
1188990
1202090
1245670
1346270
1175930
1413350
1472740
693210
1477020
1232730
1337430
1212870
1280630
1453940
1064840
1288790
842660
982840
1323860
1332610
1413680
1315680
1219160
1277970
427830
886300
919400
1049910
1060980
1063280
1123910
1128170
1137030
1138630
1170500
1200180
1201350
1206920
1208840
1226080
1236050
1245060
1259520
1262070
1263120
1268330
1271600
1271990
1273150
1276850
1277090
1279770
1281370
1283520
1283790
1285750
1285820
1287450
1303160
1329190
1329460
1334630
1336170
1337210
1339450
1343390
1345180
1350580
1352300
1355240
1357150
1367770
1367950
1368970
1371160
1371460
1373380
1381370
1382710
1383920
1387870
1400150
1404750
1405090
1406570
1408780
1411550
1419580
1422740
1431730
1447830
1484740
1492930
1024650
1082770
1352230
906790
1439840
1447900
1175880
985000
1135060
1179540
1414320
1418330
1471940
694480
1096640
1174550
867400
757430
974310
993250
1130900
1163300
1215520
1233200
1238490
1240350
1245900
1250940
1270370
1275060
1285500
1331070
1348380
1367340
1367880
1396010
1405670
1409540
1411870
1432610
1462970
1383500
1117660
1237880
1289440
1370950
1414210
1418140
1424020
1162130
884340
1151200
1307560
1142100
1210360
1261990
1302000
1383670
1331530
1227360
1388490
1338130
1398570
1011420
1277210
677810
1452410
1042930
1353250
1415370
1397220
1368120
1124050
1265390
1376870
1198630
1210060
1284150
1387010
1400110
1019450
1275540
1042530
1173550
921960
1216980
1228730
1371300
1408200
1424770
1163660
1214500
1392760
1249110
1397170
1379130
1222610
1265170
1272060
1347010
1429210
1465040
1485600
1500220
566440
1410560
1477650
1231530
1292700
1196620
865980
1213420
1432960
1084350
1366750
1427140
654690
1210150
424370
1073050
1104320
1202760
1216700
1219220
1223270
1254110
1263410
1281280
1281470
1291100
1300940
1305220
1308770
1315810
1317850
1326330
1341080
1353180
1355400
1360500
1379590
1380360
1408960
1415480
1431380
1436930
1439710
1443990
1444740
1465340
1482000
1497520
1309830
1280100
1366510
1215870
850780
1050580
1143720
1272680
1279540
1384540
1402460
1467620
1488820
1447870
1223840
731620
787120
1198820
1220990
1290720
618620
1354300
460570
1247460
739270
739820
826050
877300
930030
949720
980770
1063500
1064100
1067410
1102740
1108310
1142730
1150160
1155390
1171410
1179880
1187110
1189210
1200300
1202560
1203490
1205800
1206660
1211160
1212530
1213070
1213600
1214590
1217660
1218030
1220680
1222120
1222220
1229720
1234580
1234930
1241140
1250120
1253450
1257920
1260690
1264080
1267670
1269110
1271520
1272300
1277290
1278140
1280760
1285800
1288960
1289890
1290620
1291110
1294000
1297480
1298510
1302200
1303170
1307810
1308780
1308800
1310950
1311210
1319210
1319220
1326220
1329130
1330010
1331370
1333810
1338910
1339030
1339080
1348770
1351120
1352870
1355610
1357020
1364280
1374330
1376020
1382670
1383340
1386000
1388310
1388900
1389130
1389430
1389540
1391160
1392570
1398860
1400350
1403570
1408380
1409250
1409330
1410490
1417230
1417960
1420730
1423420
1427290
1427940
1432730
1435330
1437170
1438710
1441480
1442190
1444700
1444870
1446830
1450190
1462600
1463500
1466550
1471000
1471120
1472330
1477450
1478080
1482420
1484610
1486970
831250
1039320
1091110
1350390
1390880
1394410
1438110
1452950
1469000
907710
1064060
1345380
1001960
1221600
1258060
1297890
1308040
1275290
1112100
1262170
1447310
1051850
1250610
1279390
1446450
1467320
1226470
1174460
1100830
594770
1234060
989460
1453920
1411200
1440470
1444860
1492990
1095090
1145590
1206810
1208510
1218090
1236480
1265200
1353730
1355390
1355820
1388150
1411840
1437040
1469310
867690
1091580
1167380
1206960
1223660
1232670
1271070
1285090
1297470
1342130
1364890
1383480
1399740
1436000
1489690
644000
1070850
1285560
575430
1242910
1375450
1201310
1294040
1346260
1453220
1310350
836580
1217340
1075550
837220
1087020
1176780
1212450
1223380
1306840
1313880
1475740
983670
1100410
356030
796590
1004200
1302430
1467740
1295230
699680
1432220
1040860
1103890
1135130
1218710
1264500
1264590
1370580
1439930
1467870
936980
1094690
1267310
1287250
1074820
1193340
1237690
1179790
1305960
1356080
1297650
924740
1175640
1146660
674840
677590
957390
990410
992250
1053720
1080200
1081370
1126300
1128630
1143140
1151160
1191930
1204970
1213890
1217560
1217640
1222260
1228630
1231750
1242730
1245660
1245930
1253400
1257950
1269650
1272200
1278930
1285390
1288370
1291740
1293980
1298180
1299150
1304870
1311650
1312760
1329400
1332040
1332570
1333840
1343690
1347490
1357270
1358100
1358650
1358730
1359820
1364500
1376370
1381200
1403040
1405980
1407250
1408420
1422810
1423610
1433460
1439340
1448950
1451860
1463050
1467200
1478980
1493320
1363810
1163500
1402580
1033110
1161670
1217860
1240530
1273720
1276450
1298100
1309140
1350120
1380170
1393610
1393640
1469350
1356800
990360
1037910
1466830
1079940
1241020
1171040
1343580
1423980
821290
1399090
1411860
333950
939120
1189050
1440290
1194790
1220190
1253180
1340500
1383440
958400
1330710
1358930
1434720
1386500
1360040
1490970
1096610
698080
698360
791880
937460
1028030
1077080
1128310
1202120
1214400
1218770
1236140
1247930
1250210
1262260
1262770
1265680
1285610
1286870
1293850
1308510
1311460
1339880
1346870
1349100
1359970
1364150
1365140
1367090
1386530
1386660
1398590
1403590
1413650
1431790
1229730
1391690
1273180
1371090
1464350
1153930
1015930
1211420
1327390
1424780
1112620
1427880
1143900
1215900
1237330
1269770
1305570
1415500
1476690
1495250
1215550
891480
849090
1148570
1284510
1225550
1031260
1189080
1203770
1218420
1223210
1237550
1253720
1284300
1286560
1300000
1316950
1336100
1340410
1341980
1352530
1359440
1369950
1378810
1388030
1429530
1482450
1038250
1068600
1416210
984220
1177100
1425840
858250
1278270
1339790
1365410
1346070
1251410
1352740
1206570
1372550
1454240
1355780
1393890
1417340
1133890
1178510
1197100
1214490
1214600
1238180
1264550
1332840
1346310
1373290
1400650
1433980
1492270
1429670
998340
838630
1407620
1398320
806860
1222050
1391280
785660
640860
1051870
1116280
1082220
973550
1131590
1153730
1240910
1281600
1446690
1450760
1473630
1486540
1333330
1357410
1257310
1185480
1204490
1214630
1226210
1483010
461510
1206490
1429100
1465500
1376690
1440130
645930
620350
1135050
1228440
1246060
1250720
1278230
1320990
1386210
1460120
712080
1237490
991560
686090
1194700
1260480
1339220
1422670
454350
1054040
1176640
1235520
1271980
1320710
1449380
1276290
1433540
612240
1108800
1309440
1470060
1258090
1005580
1395280
1455680
1477570
1185370
1361540
1277310
1397940
1356240
1149400
977720
875480
1227000
1007400
1048280
1489010
911510
1211640
1470790
1210680
1308740
1368810
1193630
1353100
640310
1239520
536280
1229420
715020
1222240
1401530
1409000
1359520
1362460
1291830
1465590
1240730
1252040
1054290
1244760
1236880
1307480
1348030
978180
1099450
1385840
1215410
1243240
1378700
645650
1340910
1353880
1356440
1096310
1220340
1222720
762680
1023390
1231580
1311990
1367860
808160
1187520
1225290
1330830
1362260
1192880
1259280
1276140
1285530
1287850
1316000
1329850
1366680
1431770
663410
1042010
1049010
1272500
1310080
1320940
1327260
1366760
1372680
1402350
576060
718750
983160
1028910
1068210
1091190
1103410
1135150
1144550
1188140
1200140
1219910
1233850
1251770
1272900
1275880
1348060
1366230
1429890
1433770
1436220
1452080
1467130
1486670
828730
1003000
1078670
1135190
1139860
1184600
1198380
1206180
1224720
1230570
1233510
1242800
1243270
1253030
1255300
1283620
1318730
1323190
1343110
1344890
1356470
1361470
1364510
1385480
1389880
1395600
1397850
1399270
1399760
1400000
1408310
1412370
1425110
1429300
1430140
1433750
1465480
850970
906560
945950
1135160
1189040
1225740
1227760
1229200
1231090
1248240
1250960
1258200
1258950
1259290
1264990
1278430
1283860
1304070
1305970
1311830
1329480
1333050
1333420
1335050
1346790
1351720
1358050
1363020
1372580
1378390
1385760
1398600
1418670
1426400
1431210
1437210
1451300
1472010
1477320
1096340
1107160
1117220
1122920
1155290
1184720
1205010
1205250
1206730
1217480
1220910
1225370
1233020
1235220
1250640
1265070
1265660
1278860
1296480
1303760
1304800
1306020
1313400
1315890
1317800
1334240
1338560
1342280
1360560
1364330
1368880
1370560
1371280
1378180
1383930
1388140
1396480
1397230
1399460
1411710
1413890
1418440
1422080
1433960
1443190
1446660
1447210
1448200
1452860
1470300
1476390
1484150
1487160
1489160
1494510
1496090
552480
681690
935340
966250
1050170
1067700
1069960
1075960
1082700
1098650
1101060
1109380
1111110
1115970
1141850
1145210
1171030
1185410
1191250
1199940
1202250
1202830
1213780
1214150
1215830
1221520
1221660
1222080
1227190
1230870
1233460
1233810
1234630
1244770
1247210
1251320
1254610
1258290
1258410
1260230
1260340
1262830
1263510
1263800
1269450
1271500
1272040
1274250
1275240
1276350
1280090
1282540
1283740
1284850
1287980
1289100
1292270
1292560
1296190
1300890
1304300
1310770
1314600
1320110
1320500
1330140
1330800
1331400
1336800
1337870
1338920
1339370
1345830
1349790
1359910
1360870
1364180
1365520
1366830
1368260
1369870
1371380
1371470
1371510
1374010
1374410
1384840
1385820
1386090
1389420
1391720
1392590
1406980
1408370
1410680
1412880
1414600
1415670
1419760
1421610
1425720
1428160
1428680
1431180
1433240
1441010
1441690
1445360
1446130
1448300
1450000
1450660
1452300
1454720
1456440
1457920
1458330
1458550
1466490
1468370
1473500
1475600
1476160
1488060
1488960
1501210
1207850
656240
1480370
1237540
1225110
1250790
1311330
254370
1226540
1423030
1267830
1186630
948470
1212600
1226960
1187420
1449540
1096560
1221560
1219610
880800
935980
1067760
1474990
1180520
1351880
1474000
1243100
1327870
1353870
1480650
1258320
880750
1208950
1237080
1146920
1215710
1290160
1303820
1381150
1449480
1139480
995880
1203650
1251400
1276490
1481580
1302750
1436240
1218950
1246940
1249410
1254160
1261240
1352010
1490010
1192020
863460
1341060
1179420
1248710
1352050
1381780
1119610
1226070
1439180
1386980
1182060
1287750
1404180
556550
1142850
1308350
1461990
1492510
1486750
1187940
1054300
1192420
1262110
604540
840140
678030
1367720
1436040
1240290
1330730
930110
1105240
1111410
1154480
1243750
1245600
1254720
1258620
1264510
1269120
1287710
1309700
1309890
1356880
1358770
1400390
1401520
1420160
1428130
1434510
1437680
1479050
1250590
1268410
1457540
1280500
1391000
1218680
1227250
1321920
934520
1225920
1264000
1361390
1363290
1463210
1479870
1459810
1277390
1311190
1030210
1313090
1258770
908740
1334070
1412000
1107050
1330290
1416710
1465200
1102680
1442150
839040
993520
1044180
1181750
1196380
1245980
1256960
1262030
1316060
1321760
1336960
1340240
1345980
1350560
1354000
1358940
1377280
1387060
1413310
1123610
1165140
1490790
1263220
1373500
1221620
1345150
319540
1378070
1223090
1268400
1127940
1346120
1185680
1230980
1263130
1286180
1373020
1456920
1325380
970450
1197110
1258140
1345220
1348600
1103950
1226100
1234380
1377540
697320
1021890
1054850
1073140
1103960
1110210
1166350
1183410
1192050
1218440
1226940
1231040
1240890
1250240
1259340
1265110
1274400
1289300
1300570
1309500
1314090
1320510
1321080
1328780
1345730
1346860
1367110
1370680
1371930
1373410
1378850
1391400
1392510
1402780
1406080
1411880
1414680
1421630
1423410
1423540
1438280
1450720
1457020
1492940
1493000
1495370
1291680
1294680
1150910
1215660
1127460
1356160
1000870
1225220
1230100
1263920
1296720
1353560
1392190
1393870
1419440
1424640
1462100
1463900
1504030
1233900
1481670
1329560
1029260
1270010
1209740
1341440
610160
1489880
1061010
1255810
458190
1135140
1166760
1249290
1283680
1350170
1351220
1371700
1374820
1443370
1462740
1491680
1379920
1455720
1199370
1082680
1223910
1390580
668600
795490
1206080
1209170
1278690
1293400
1306210
1372350
1454410
1462900
1467240
473550
560840
764540
931440
1018950
1044460
1054570
1098570
1128890
1156910
1169460
1173700
1187560
1199930
1204550
1204660
1209200
1210640
1213810
1217630
1220070
1220980
1228920
1233600
1237050
1237110
1238220
1239400
1252920
1267040
1268710
1273700
1276370
1281980
1282120
1285540
1294170
1303640
1308920
1322280
1328930
1339650
1341090
1344870
1354080
1355290
1358510
1360250
1369570
1369830
1376470
1384440
1385090
1387830
1390040
1398510
1399650
1402390
1410110
1411940
1412620
1413260
1414290
1415580
1419090
1419880
1422520
1427990
1430040
1430070
1432110
1445870
1447020
1451420
1454340
1461190
1461400
1462440
1463360
1465160
1465350
1467360
1471450
1471550
1478630
1481030
1222930
1154990
1210930
1229250
1445120
908620
1063800
1148780
1226910
1234980
1237840
1243320
1257720
1271420
1274150
1275520
1281380
1294360
1308140
1394060
1463030
1487990
1499780
1275760
1259050
757420
918880
1264760
1353050
1353670
1383990
1390340
1472960
1250220
889330
1223350
1362980
1459410
1480020
1057240
1135070
1383030
1370610
614450
1411170
955700
981690
1199610
1252730
1358270
1371350
1372840
1382350
1405720
1405780
1415540
1275450
1146010
1366550
1403750
1037820
638740
785430
1132540
1138360
1139090
1155950
1170910
1180960
1194520
1215380
1237410
1247250
1266650
1274930
1280490
1281480
1285700
1288380
1298000
1300110
1306110
1344580
1345770
1387250
1395020
1425300
1437580
1441850
1445110
1465740
1477210
1499550
1261180
1072660
1290850
1363660
1239590
1257840
1489060
1248220
1199540
1246460
1260840
1308660
1329530
1355910
1381610
1482730
976570
1304620
1225330
1341550
1466010
1212170
1313360
687340
1089330
1237560
1275970
1294160
1353860
1417680
1476940
1139870
488430
801220
1165720
1200400
1276720
1306860
1377850
1455130
1349620
1417940
1428320
812180
1320520
1325960
1459720
1251190
1259610
1311150
1424310
1260440
380130
620180
840510
904640
916340
940020
978650
997020
1000880
1023420
1039060
1095080
1122900
1125650
1149200
1152540
1152800
1158650
1166680
1171950
1172400
1179690
1181820
1187430
1195250
1198020
1200630
1202550
1203910
1209980
1211780
1215310
1218590
1218930
1219010
1219180
1219600
1219890
1220580
1225910
1226420
1226820
1228840
1229640
1230120
1231000
1231800
1232650
1239900
1239920
1245360
1246650
1256870
1256980
1258370
1260720
1260930
1264630
1264890
1268160
1272460
1272660
1274850
1277300
1277360
1289510
1291470
1296370
1298520
1298690
1300140
1302700
1307220
1308450
1309730
1314010
1323580
1330770
1331410
1333540
1335890
1338160
1338930
1342520
1343330
1345810
1349070
1352480
1352650
1353130
1355590
1357230
1357700
1358000
1359720
1364610
1365680
1369390
1371860
1372260
1374590
1375300
1377980
1380210
1380250
1381690
1384570
1387400
1389090
1393810
1393850
1394570
1398120
1398950
1407520
1408000
1409630
1409930
1410050
1414640
1417250
1425920
1431370
1432630
1434160
1434270
1434470
1438750
1444610
1450610
1454110
1455890
1456720
1456900
1457820
1460100
1460710
1462200
1462880
1463930
1465300
1468820
1473850
1481480
1483340
1484750
1486170
1486860
903880
1379150
1435840
1373120
514410
1102490
1103980
1126100
1170390
1179390
1186350
1209190
1217370
1217850
1218530
1231760
1231820
1238470
1238620
1238980
1245350
1257540
1260240
1273020
1300790
1313150
1331540
1344980
1350210
1369350
1384510
1386330
1396020
1398990
1419200
1422790
1441210
1467080
1467380
1480700
1485760
1308560
1086990
1246390
1221460
1287830
1424700
1216930
1235440
1237480
1285620
1431620
1452110
1496510
1239430
1197440
800310
862280
1118910
1236320
1248590
1253620
1253900
1264230
1282240
1310470
1314540
1328620
1334900
1427150
1473420
1482580
1499430
1451200
1360620
781150
1097090
1165290
1214210
1216720
1295860
1318150
1334120
1352070
1359280
1375970
1425790
1360530
1218790
760120
1368060
1416600
1454890
1377140
1283770
1420180
765800
1210650
776930
1452180
974520
697810
1135120
1158430
1297370
1308060
1441090
791390
1160480
1216370
1162730
1208090
1233990
1354840
1384460
1413630
866170
1210670
1215060
1498180
691090
838790
1135210
1161320
1164990
1206870
1225320
1251290
1254490
1257270
1262470
1284700
1362700
1412540
1416850
1450530
1482680
1380620
1412900
1234450
891020
689660
1082240
1206140
1211730
1215690
1245630
1268730
1285310
1286490
1295210
1362990
1382450
1393220
1393770
1394400
1411490
1421310
1434780
1446640
1471510
1476890
1487620
1427640
860900
1385740
1400440
1406610
1258870
1409020
668910
1325000
1073360
1263990
1206840
1245280
1295440
1356070
778010
1430980
644860
987250
1031230
1046140
1079780
1095280
1116350
1116500
1150270
1174050
1184070
1184190
1186770
1201520
1204950
1211320
1220540
1227150
1230790
1235980
1236330
1236920
1238630
1240490
1245550
1249620
1258640
1264240
1265440
1265990
1272050
1276060
1276300
1276590
1277160
1281130
1282770
1284740
1287880
1293370
1296580
1296680
1307860
1312510
1325030
1327450
1332440
1340490
1340760
1349340
1357190
1357640
1375520
1378320
1389830
1393360
1395660
1397690
1400380
1404550
1408400
1408550
1440680
1447800
1496120
868710
1145040
1413820
1033640
1308130
1249740
621290
1010520
1114710
1176360
1195390
1233120
1233610
1240770
1251760
1260250
1270500
1272390
1273870
1280310
1296180
1349740
1380510
1400360
1424140
1445860
1499860
582290
1356190
1405180
1385190
1359870
1300580
1240600
1270420
1366160
1382860
1391990
1433970
1217250
1330180
1370470
1352040
1167470
1168530
1219520
1237820
1270820
1307390
1310150
1340440
1392750
1463820
1489820
251590
1185270
1239270
1285930
1356890
1241160
1390830
1145100
1192060
1214050
1231180
1231780
1234590
1243030
1261790
1268280
1273380
1276090
1283760
1298390
1301310
1315370
1322550
1325340
1335410
1355470
1355830
1365700
1365920
1383780
1386560
1388690
1398620
1403680
1446840
1499810
1274550
607350
1135100
1303000
1349720
1375430
1130700
293480
1450280
871400
1189020
1217820
1234820
1235310
1247040
1258010
1259160
1269930
1274060
1281100
1291990
1298700
1417740
1483400
1212470
1229510
1256850
1429160
1439130
1466750
315070
1010460
1271870
1352000
1012210
1117470
1227580
1246140
1280910
1486870
1154790
700060
1438940
1058490
1423500
1141340
1270840
1397270
1415300
1420100
1467600
1265410
1255060
1235480
1204860
1304100
1176560
374970
1253460
1261650
1379320
1353850
1159700
1310480
1312740
1360360
1371340
1313330
1494050
1494990
1373810
1316610
1263780
1308950
1341430
1472260
1212750
1247950
1306160
1500260
1374740
1432930
1472550
1348880
1256480
1439190
508660
1311930
1262100
1434500
