294100
960090
504230
588650
264710
531510
519860
683320
432350
629730
617670
644560
242760
653530
909080
844930
871720
638970
899970
233860
888790
456750
508900
553310
858940
760890
897330
880950
730820
825630
860950
714010
787860
995460
788770
790060
816340
342560
885810
568220
613100
334940
799070
590380
866800
976940
609320
743390
673950
686200
528230
765410
604330
589780
802870
855640
567380
368340
453090
753220
917680
530320
882710
868520
336140
884260
804700
858760
868980
744190
764790
781440
668350
945360
802890
846470
758530
852110
793350
658850
587220
850000
773670
743450
791470
927890
648390
862570
838310
979600
787070
291860
754150
795100
809020
882110
857450
410340
389140
824270
747250
323190
525510
650700
600480
815780
971680
878750
393190
599390
731490
744810
820730
845070
843260
334920
510420
963710
801630
944220
785890
859680
963690
744800
748490
888090
733340
716490
753420
736190
616250
757240
863550
233610
822930
535930
904740
600990
848350
648580
448850
688420
473770
673880
349250
827290
601050
783120
822760
802880
922460
355170
931500
469820
876850
774461
950460
866540
758090
743130
882140
956240
800620
841770
678950
925440
570940
728880
445980
417290
963000
428080
701160
757480
658550
882790
631510
762610
620210
322450
16900
922400
766280
853550
285920
757210
955560
760060
917290
792100
746400
949370
952420
628070
913010
851530
943380
891510
812140
702670
852480
692130
959750
608110
779990
396710
873200
823580
896460
701380
782340
564050
845880
961660
332950
559620
833040
771310
847370
942850
810660
598700
829110
510680
742300
907000
416600
923260
880940
431930
840010
796790
591630
864060
590950
851670
595520
890750
315460
534550
742250
836490
527230
762930
466110
939620
714800
950140
792030
792050
893730
468920
702810
706560
758190
828580
800600
823130
814540
821890
290510
979260
937850
587110
774091
603850
736570
699180
867380
842780
619500
978270
488550
651500
675240
767930
966630
904320
869840
857690
466560
737800
704450
853770
778330
888040
716710
560430
581360
718560
936160
750170
542050
973760
323220
758370
864300
833140
252490
721390
375440
756590
865880
836450
925930
733300
865270
936720
935580
948100
834740
855860
609490
685400
936190
691160
734920
938310
858050
705220
746710
862690
510540
777200
398030
871570
864100
838390
828070
889480
846880
630640
228380
879510
965860
560130
528060
761670
704850
898450
932500
741250
525620
760330
976420
431280
821790
846670
880400
974090
848280
966680
906390
965810
856540
677120
582010
895220
809870
375530
899190
612470
815450
818760
698540
597230
704470
899610
648350
745560
771240
893030
938810
717850
868360
746920
952040
959410
843440
871280
761620
974950
465020
579180
907470
822830
636100
745890
950860
955400
942200
625740
906120
719660
758330
994280
818320
818500
861400
797570
803600
797390
360620
810230
846110
805820
467760
888990
842910
765710
751640
831570
771070
513490
947300
613830
599140
799510
843430
929670
943410
790820
732370
918820
906110
697650
455820
927990
662930
778610
444090
654550
649890
704200
661790
424030
872790
632350
946610
823830
893680
809250
866420
500260
467820
993740
591680
794800
630610
670610
680360
764300
624970
761460
779640
766730
798840
527150
746940
904570
738650
873230
865090
869760
581320
750470
741990
840930
561260
633230
932850
393520
947600
808100
837190
971430
676130
846800
696200
414870
744050
816120
828050
646270
883100
489380
508790
994020
772610
249630
970510
611710
820600
779590
831560
701040
788270
811870
552500
931700
992120
955320
913110
806740
532210
742120
719750
779430
869350
928680
821320
794550
909110
795040
828030
722330
867490
940800
978800
918380
775530
787980
890070
841600
800120
934410
927250
728240
891130
988980
873190
808910
851730
822190
895140
658690
817710
843170
891220
733740
921700
460060
680700
757180
501790
716010
839240
789570
835950
899270
925340
745330
547480
856620
464920
720250
837940
818050
368620
795510
685690
573320
766560
910730
817860
945440
885150
750920
778390
862110
747350
836940
590590
391140
774531
862130
928970
976960
935120
887260
880490
648590
815000
914430
858040
783940
855850
816490
708160
897800
574590
979090
646500
886070
918670
952250
808080
396900
935270
842750
937350
674580
652810
931930
312670
802130
832080
934070
514920
883070
848700
794390
870890
873560
509570
929850
781820
542770
774221
735580
761480
812560
626660
700520
840310
589360
732810
671620
838620
796940
441010
671720
742490
668430
883870
857940
703730
899290
853500
809850
648890
434660
634340
525640
913090
676180
581630
916060
737710
885650
887160
963930
553480
894460
819230
851890
640120
594350
889740
948630
772180
206500
788690
946560
897690
668590
552620
764570
361230
745660
932420
793450
986710
718010
846690
800190
802400
379430
725120
822040
852910
648050
759000
342940
889080
791330
772270
853250
968790
916900
798650
677340
567160
893690
936700
335620
663210
831720
899960
607820
837610
539400
720940
637090
967250
949790
826100
287630
765870
776490
886250
752800
806720
929320
773430
693700
838100
887510
984560
667040
812800
861270
789540
986830
955640
617480
978250
637650
778700
574560
708150
890880
815150
977810
610410
555880
878250
986820
875300
565120
883130
813530
781110
969480
787450
576500
871950
681530
797620
710170
695970
623640
964350
780210
802040
606150
416870
420660
546050
918530
893470
740810
915140
817490
668980
842170
885470
700160
811270
841460
817230
706510
819040
831120
949770
733790
847360
742480
617620
691430
436470
829540
758930
739050
857500
908990
802450
922700
837850
914170
598640
709510
923900
936650
742170
923470
857950
785480
598880
630870
853110
895420
859090
759220
803930
761700
943190
854860
928390
752600
810640
809440
794760
562230
620220
779090
835430
747470
619290
742700
820900
854120
906280
930630
382310
618550
705500
503940
794030
820210
873390
937490
953230
770630
873070
879430
959030
818960
605450
840610
857080
751250
773580
839340
824720
865820
718250
892830
504920
792160
798290
782120
803280
892380
791930
359100
818210
785130
777220
352720
829940
628730
820910
858360
544750
510500
559070
958720
813540
688070
961640
984720
982540
628770
759740
716030
411980
794940
894340
800180
816350
643260
788330
865060
886380
889400
893740
646910
946010
851640
695920
569530
952860
670750
853200
998660
748970
618080
622810
652880
701810
739290
917690
705280
780280
524250
584990
658500
854250
913600
780390
788930
861240
922520
966590
562500
790290
925900
892560
894420
839310
747360
833990
867180
885120
720030
801290
759440
772160
765060
889260
925370
963680
834150
863570
590690
957720
861930
740230
797430
993780
740250
782180
899760
831090
944810
749890
790120
813650
356650
854570
821640
792650
762270
916320
416830
916040
836640
809310
930640
704640
886630
366920
640290
646370
818140
822940
838490
920190
621930
948770
711660
786820
800230
846700
892780
947120
812410
595730
926520
654100
897760
738840
758730
850050
682480
851800
459830
777650
783050
515180
673560
490510
811110
879290
995160
561930
845040
955470
953950
974110
990180
821560
799960
780500
552400
778800
819870
927850
849680
602770
736250
573710
620650
904540
704360
823420
885940
750360
912930
942600
551170
935070
692100
614950
825300
979080
801040
711690
610980
667780
911120
802730
896040
646680
717780
968470
742500
978790
944330
468240
569720
485460
761070
717980
813700
681990
835710
956090
964130
490220
776340
533120
788420
677160
799800
849800
974870
761890
575900
800820
881130
453690
882900
872990
907820
740200
841270
850630
576960
922550
680400
769420
800390
805320
872700
930840
931090
598490
900050
473780
577380
810690
839940
878380
878320
943170
594320
891960
489630
802740
835110
711750
384230
667690
745720
984540
715650
872240
680390
819480
602480
666570
871200
329070
599160
868500
785840
626690
449960
785880
572540
847530
867050
864860
890970
766940
799110
880610
968290
531530
775310
836610
918740
968700
914620
727540
870110
792410
810470
739720
749410
831230
854870
964990
781810
775960
302670
942140
982580
764510
925550
833980
856450
878150
974830
788380
786990
850500
878680
844130
533540
885140
842810
512680
756790
758280
795050
820480
821570
848770
849630
899340
971130
571430
714610
667720
921070
572430
630100
755980
758560
895600
809500
684320
854450
971500
696170
606890
437690
930310
497190
839560
704860
595690
806140
920520
783180
824460
844920
759640
787710
690120
935560
754840
814650
484390
644580
846080
455980
805610
929120
965340
747620
859640
739190
930460
736720
848520
440900
735850
556060
591360
861710
924940
932570
517210
646210
893390
594200
676580
789480
813370
820170
853410
870260
892470
911100
943510
730050
835520
516570
689290
718120
742380
744600
766740
768880
790390
800690
853300
863430
917870
949390
717610
775430
843660
762190
974840
286300
768590
792560
803270
911520
979100
776960
620590
806510
824620
492410
640880
531180
857470
803830
682470
702890
732360
529100
726590
492180
718670
613190
400940
684050
859700
840720
568910
691830
848230
887550
944590
510490
640820
893610
537340
884830
791750
951740
765490
907890
920770
922650
809680
670290
838990
852790
400280
512000
796780
800050
399810
545180
975000
758660
538900
694550
698650
739950
781490
842770
843370
875660
894160
913120
923670
940830
955190
956990
862580
831070
984570
597030
962970
703840
746840
898780
773130
893520
862480
914400
872820
820400
942050
734440
900790
783210
570460
769970
892690
712060
726870
929000
268770
591000
806580
828240
836560
839230
872110
965830
698450
809530
859990
835700
666630
689470
849000
894310
438000
917920
644320
755950
429540
622910
771430
460540
946660
816080
948990
427680
577530
950530
839670
597900
750350
789050
864420
872580
520940
872970
804350
886730
672920
679410
699230
733500
764370
773710
798170
867510
868440
888900
909370
915190
920640
938070
968170
970090
844040
804490
746860
785100
827460
836550
943010
954160
943390
682170
843900
545600
661940
715210
781640
790350
796380
645730
844420
618140
616520
873610
501080
773090
877910
331690
675490
771450
862770
907330
588200
713310
767200
797610
804120
852390
882080
896400
437630
533050
872380
875740
914850
468670
831770
798790
894630
877200
783810
792660
972740
621220
777790
766000
736810
771950
676440
795220
820950
948420
772430
769840
975700
722890
818940
699920
785110
770110
690630
834380
884960
953700
979790
815660
922250
632250
945460
486430
749700
771340
776780
819160
838700
840380
850920
852320
919320
936630
941000
964220
928520
458580
916950
371140
612390
489120
815010
817410
850040
870670
903580
956400
965490
979450
531640
642610
766630
892630
566540
885640
630720
419990
567750
392160
934540
946090
770100
805940
896670
446020
810670
933450
575970
691320
711430
818060
836540
933770
824190
755830
787260
815580
833470
951700
587180
611230
690150
711920
788760
822640
903150
904500
427290
753660
882960
866400
869620
629220
798280
705670
892760
809240
886460
868080
603330
605920
591750
772090
788150
788410
767360
764990
447120
890220
573120
936180
741430
946040
927310
818610
826600
889770
654220
896590
555310
963230
520540
661030
727420
731600
754830
819780
870140
876180
880570
884400
891710
896550
949820
759540
658140
859370
914000
935440
615020
793880
625830
706710
748420
791960
818800
820510
887060
958480
733510
781890
791000
834440
844970
848660
926250
928690
932270
932820
948240
960550
960700
971780
976870
977670
585190
938270
558750
778640
839960
941540
642580
797200
760920
946780
821500
645380
301840
670350
963330
941480
879250
371650
813820
625680
758570
960190
320240
720380
670930
865930
786680
906730
749840
829260
870800
876890
983990
816250
736220
784950
253250
771010
878020
710470
898650
836080
390710
775730
816760
845750
869540
606280
887530
698770
872600
888010
840100
789730
709440
677190
719210
837280
845860
853980
897820
935920
820620
865220
869300
940790
451930
835490
863470
874770
938240
947450
956190
761170
502720
805850
839200
346750
713180
752330
792860
899180
931630
743900
847290
988650
813450
895470
624320
803150
723350
822110
912560
558230
743890
853860
509400
792350
889520
971480
860860
320330
917740
537630
796650
797010
975390
912600
972850
389940
656380
671150
770820
771380
780740
785560
786470
800860
801300
838440
842990
845600
859960
862250
869910
904940
911580
926100
927080
936170
966450
970980
977080
978440
834280
873490
567140
936530
868060
946460
327860
869870
611670
574090
762590
809320
896160
953840
628720
445000
726510
791500
949670
978640
633060
630080
658330
709080
754460
786350
788390
816830
836350
847900
905330
965470
690530
798420
462940
724470
563260
867700
527430
775520
889320
929600
717310
681330
802490
1001880
570810
717830
775270
779730
790630
802930
804400
805340
810000
810330
810580
816770
831680
841010
847790
854830
860550
922510
978470
826040
889220
999200
860910
798850
461410
893050
816270
970800
502130
577670
927840
949890
743550
792370
793320
807070
813250
968320
513710
488920
790750
952920
772470
786450
764590
749560
804000
883020
745400
775910
787970
793630
760550
941410
462590
745950
833910
848930
614630
856880
734980
793600
508190
540770
657300
726880
746420
800930
808580
828590
917910
926820
946340
977430
616620
475960
925520
949030
976780
785740
860650
684210
702120
840060
696760
818150
898260
982100
914690
608440
705530
723600
727150
753980
777870
779580
780850
783790
789280
810450
812740
813730
814890
822450
823690
833690
842470
849980
850880
867130
868830
869500
891110
893710
907390
908150
908840
915770
917770
926110
926350
931200
953340
757380
522240
961510
623180
893560
887340
746660
752550
820190
830470
957490
960660
771350
682080
986990
682670
765590
829370
553560
733540
769020
779760
791370
803590
809380
813970
816280
835640
843840
864110
867110
875270
884370
894570
900380
932450
980520
980880
998820
748360
794190
816190
597730
689700
585450
981550
927270
840700
695290
778150
769920
786180
806020
551700
748460
851000
976120
611960
798330
987000
914290
794950
887400
994930
758980
772480
937210
806100
774541
465000
809900
843050
630030
457130
936820
977840
959500
331360
643200
933140
850330
855010
779250
592400
637120
710690
760030
819960
840910
845650
575820
727760
221100
698640
938300
868230
898160
943810
897630
852900
948460
667890
611040
557240
705380
812930
875110
559100
787400
793670
857710
872060
917200
997480
698050
821120
751440
622460
656590
491010
951130
862740
639560
695100
934060
882640
790450
837640
851330
778260
871100
620190
445950
694520
703490
713450
747640
797020
808990
809460
843120
859820
868880
880370
887890
924280
925060
959710
867140
784100
765380
824470
896570
909480
724390
786630
865180
922150
810780
781590
755250
811130
864510
888630
817130
774351
215830
404200
370120
702790
724910
786280
788520
825320
831260
868930
896070
908180
923350
928370
749730
757730
781670
839570
864740
886180
895120
911760
862920
870290
785780
501850
577000
680190
726300
730690
733530
738210
745820
754270
756630
761040
762240
776360
781380
781500
782210
782610
787620
797450
805260
811040
813020
817120
831180
841440
866750
887750
889450
898830
904530
906310
906370
912580
923650
924560
924790
929410
963960
970470
982120
771680
594050
794600
686720
633360
691690
801260
981960
820030
676700
702030
731420
957440
987190
452410
844180
874370
690620
755670
916130
910320
673740
806960
910460
337290
895990
459150
829560
910390
975230
851180
890570
510740
644370
873820
962380
964040
864550
683870
694870
762500
777340
805440
833010
953820
762490
752470
923840
838180
770090
896340
415180
778930
753930
782570
897030
876900
985040
991960
844380
800200
850060
627890
808800
837310
841210
924650
899930
786650
837330
861230
893620
940640
975710
991480
821390
476700
777240
975240
845380
835040
527260
611730
612840
632080
734450
738580
738720
751670
773490
791140
814960
822810
826930
840230
843930
857860
875080
880180
881110
895170
938050
943520
944530
951220
786710
944440
992420
224000
874010
791020
745090
878290
756240
699700
875830
263720
655380
746140
673620
676090
818030
704230
951260
933060
790020
774511
677520
778860
859740
886950
881690
764110
785750
818860
822700
867250
886490
891720
925170
965920
892880
567150
834390
877840
446150
836440
966010
446850
774281
771410
362310
800280
825930
878170
730300
815280
849520
878330
935790
496540
838340
936740
552110
516130
817510
764030
611860
905450
596260
622930
769160
770660
772340
773360
773620
779870
786100
787940
796070
796490
796760
797340
799590
805070
816890
817820
818670
830520
831150
835680
838720
852190
854670
860030
865750
866080
866500
869370
871580
877180
880720
883280
884470
890630
908000
909200
917130
917220
920280
926070
932560
933030
938260
938850
941030
943950
953920
964110
980750
981990
565170
734510
826230
837590
949990
558260
675500
913590
618990
672490
689170
699850
756680
760000
792850
816610
866740
868130
869550
880830
940980
962950
971070
668680
787740
621940
672710
327760
972910
516030
689040
776790
843740
863810
905800
928660
932240
951050
962510
996450
765210
918170
863730
271260
712870
893010
777160
847950
894540
691910
757490
767870
775690
783720
787200
791800
843620
845940
846330
849920
862370
865800
879520
883830
926120
931620
933210
950130
969740
976830
739810
793200
879060
954150
787040
575340
912190
680730
798240
860090
925490
956010
983280
705810
929300
496040
695600
702160
719280
778050
722920
820790
949380
816090
666940
775900
356450
707010
534370
451360
667790
727100
757100
776720
778340
786510
788210
816710
987820
589100
713220
790260
813030
826420
826660
933660
771840
719890
818730
282680
826010
614660
889040
814920
889240
549700
934810
826480
913850
841500
823530
918140
954590
761030
788050
706960
795570
696530
789260
312200
853380
752180
767590
776160
800330
879740
978210
656030
928840
680750
763250
874400
635390
692360
948320
990640
681460
786140
788010
791300
896500
937140
351100
990250
758320
675910
808190
850710
854390
890340
929440
883860
446120
548450
780760
905350
884640
787110
765100
790930
876310
448960
677850
810630
811290
975410
868580
705620
805280
879280
770500
650510
843250
745000
892550
964230
719200
670280
773930
800550
890590
895860
909220
915020
955250
956550
969130
659110
789740
800270
749850
863490
603400
783200
790860
789620
937940
458330
709240
629240
694930
776830
777820
843510
871510
884350
975800
506700
756840
768580
786040
800640
815540
853590
855730
858080
858960
863280
871330
878620
884270
913690
913970
920620
932070
941320
945240
979990
984590
708760
942800
779130
722620
913280
897040
495560
764580
774781
885780
896880
314630
747050
774191
840240
899590
985020
779360
935360
845290
868780
929170
636320
870080
708420
611620
863900
786580
498710
816180
554280
659720
678460
689880
702360
725910
730700
738620
745450
749320
768640
771860
778470
780570
781860
786620
788310
790170
790780
793410
795940
796060
797310
797330
797440
805030
806670
806840
808120
827950
828600
835690
837180
837720
838750
841830
842760
846490
847100
847490
847800
850340
856580
858320
860870
861860
865170
866730
868180
874080
876480
878340
880340
883630
884080
887920
888310
890740
895930
896110
904430
908320
908690
909490
911240
911290
913210
916120
918100
919890
925050
925640
930430
931150
938100
938170
939250
940320
944030
946300
952370
958200
959730
962250
964340
964810
968210
970240
971080
978010
921530
655290
798380
324510
481870
832710
626610
851810
791700
340440
638720
662840
932330
770410
769730
868550
926170
543440
817370
845900
890300
914450
936610
897440
796910
774711
563170
654800
776040
794830
798480
810340
830360
839210
858490
898240
910590
945500
959020
959930
963570
964180
707300
584890
814030
853480
924900
531630
830710
907350
919170
816500
843640
857420
862260
930320
932120
935860
841350
517100
686030
715270
758070
764180
768270
796370
809410
817530
818950
868660
897020
962050
970850
815950
751330
782280
795110
514830
850820
987770
736340
816650
827940
894380
947270
976980
338290
873500
884420
887730
912250
913100
944650
771060
708820
809050
817360
937730
579490
838350
766320
772700
606000
788970
818530
587920
828380
878110
580170
636070
772680
672590
836760
841300
705150
754620
776580
882220
809890
891860
751110
608630
958090
710610
453500
595110
816160
823360
747610
339720
843010
436690
878180
882040
770200
712100
764670
898980
827640
603930
466860
937980
779330
780750
925940
440660
577360
800490
958650
834180
428490
972200
625730
724490
622510
669740
697600
724760
760300
761290
763320
782190
786090
796100
798680
800350
805370
805420
808360
829490
841680
852530
863190
868010
887660
889100
895650
905260
907900
908010
916380
918130
919150
938280
956210
957890
959090
964700
970810
972050
974250
974600
838330
618750
637670
485030
449100
486940
519980
706880
765230
773150
802720
808130
814590
857900
899100
916580
766370
794740
749920
586200
751340
508410
886040
527320
618570
799910
830620
834340
947390
790600
806770
774811
553660
346500
628080
721960
793010
808950
812580
827830
842120
855530
860590
955370
955790
977210
980690
702940
734840
738590
743230
780710
787650
789240
792340
897270
920800
922410
952050
758410
844160
857680
820460
716040
823800
694090
779050
972170
818570
715050
890400
340840
574120
728830
846710
842500
950210
804290
647570
250680
703280
760320
994520
796510
904130
812550
805870
878420
906050
739170
716770
924800
771710
807140
927930
912370
922140
787220
384200
979970
458040
822140
871920
898090
908710
918500
414550
632020
860790
932790
505330
450700
662830
904960
822530
975020
822540
839250
745940
420170
772200
809950
819060
820700
882390
904160
796400
943900
661920
817760
762080
769410
821230
852720
512160
467680
793240
828950
514870
621140
653960
683620
686630
706270
743420
746270
756200
761990
764880
765170
765350
766150
767680
770120
770520
770870
770900
773610
773870
775200
777610
779780
780520
785870
786590
789720
790050
790550
797350
799770
802060
804990
805020
805040
815550
819670
826370
828520
828710
828860
830500
835720
837500
840810
841470
843920
846220
856550
859420
859660
859950
862200
864190
864960
865760
866790
867080
868430
870030
872270
874180
876100
877060
888480
893480
897000
897360
899000
910230
915760
917810
920580
923050
923550
927370
930690
932290
934480
938630
939540
941050
941390
941630
944200
944830
945530
946330
952970
954210
957850
961870
962610
963020
967210
972080
973200
974860
983590
992970
994030
996650
745810
799260
921780
734580
718020
779320
786390
809360
820830
860070
878280
950810
628290
763770
536960
735550
796600
804610
836290
846340
911010
915560
469830
744060
628580
530630
849940
753230
521090
803140
857140
808550
917000
551440
869780
809210
774561
806850
851820
937530
998470
523960
940300
678830
778460
778810
781950
785590
785940
792720
808450
816170
825240
840980
876130
877960
886330
887300
910660
910990
913440
928230
928350
947260
951450
954420
957350
966210
970900
652360
923420
765650
811720
713010
749180
781930
880860
979390
695510
788480
866510
544380
599180
611390
640250
657550
672280
705780
745520
752430
754230
755130
779140
793640
798670
802310
805010
816150
827590
828270
836300
837950
839090
841870
845700
848270
867790
875510
875520
877310
877480
886350
886600
887440
887930
888380
905880
909010
910500
913500
915380
916910
916970
918690
923630
929180
940700
949150
956200
956380
966020
975860
990750
523650
596200
803260
671690
340500
407050
695450
739010
749980
775720
832380
919160
921520
528460
610660
552920
603020
595770
857010
783440
708100
958280
703880
837200
963300
830980
336940
775800
556740
734730
877190
626700
644150
811910
823340
841980
939230
973170
729060
954270
960360
688800
778030
837790
622770
696180
640210
830490
790650
767390
504560
719800
369440
631830
773530
782130
708310
780840
807230
860080
788130
859340
831060
760800
749860
799810
896030
907770
592100
774141
788320
821370
907970
674890
696410
743330
751380
766650
767400
769910
787690
802920
821400
853260
868070
869030
873250
891120
935750
972290
835860
680860
385270
705860
815070
958980
993580
776820
802810
674150
774261
742530
816210
833260
727180
788700
850290
881920
851650
737890
814900
886970
645290
299740
673190
624410
893570
853780
950380
683000
828660
754340
778250
799300
801870
966580
628140
807060
836330
981160
872090
672310
837930
872730
877550
940780
717070
763270
904310
918070
536690
864130
804900
851790
864810
789910
747320
385850
499510
542100
548390
724120
727790
743000
763350
787170
787640
810420
827520
829040
835130
836460
840730
852450
881980
883330
885290
916290
958690
972940
989160
991800
772990
700590
772460
774121
847590
860880
864530
874760
937390
963660
868090
878350
828150
842150
566090
596380
762480
817200
848200
903830
780020
837600
976850
595300
667620
799620
815420
945920
958790
809000
752380
588230
735500
744750
751470
851980
649770
602300
723330
751730
761760
791400
857850
933380
987570
998850
611020
680330
727720
588990
659220
800670
859220
930850
956360
987800
874460
500150
773520
955060
808290
700470
836620
635880
530830
671920
953580
640760
782380
824420
863220
867550
875670
944630
795680
574200
949530
559360
604630
652460
712890
721480
735030
763380
769580
780630
784110
786770
790960
791600
800910
802780
805840
806350
816730
819220
830390
832690
833540
864500
865990
869440
881260
883810
886830
903640
905460
913840
915570
918120
923080
925360
927050
928160
929280
932300
946690
948340
950250
965880
969350
973860
974040
979620
982750
982770
991660
993200
779560
818620
819800
826170
835630
843080
853610
867640
905510
953170
975600
977540
595260
475070
829210
844950
857180
961860
752560
763750
793220
793620
827130
832520
867390
972280
987580
844330
377260
849790
957430
642830
406860
577280
617680
613590
682570
712180
771570
999760
633110
955580
867120
815830
456180
984660
958960
931260
920460
400350
706520
803010
994870
577080
600120
874030
524430
706240
750500
914680
796620
687720
786490
855100
890940
906880
936020
817770
468330
827220
490930
803040
504110
521320
900370
911050
543900
877360
773010
787990
878780
904890
923820
950160
459770
661070
669990
672300
675750
678930
679720
690410
700450
702900
725140
725430
730420
730780
738900
748990
752770
756980
759040
761150
762860
764720
768740
770880
772210
774501
776450
777540
777580
778140
782650
783270
783650
784180
786120
786800
789600
792080
792230
793000
793080
793480
795440
796500
798190
799570
801660
805000
805770
805790
810700
811850
812900
813260
817440
819550
824640
826550
831910
832530
836120
838710
839010
839460
840830
843980
847460
847940
848920
850930
853700
854950
855760
856100
856160
856390
861580
863270
864310
864360
864370
864480
867920
868200
870510
873330
875790
878910
881620
882700
886780
890910
894790
897010
900390
901020
904770
905010
913420
914050
915420
916150
917050
918480
921420
921840
929020
931870
934800
941620
947960
952910
954400
954920
955030
955750
956350
961410
963510
976090
977380
980800
982020
989140
999750
850450
774441
576670
627220
772420
774551
777760
783260
809700
817630
841120
841950
843630
873410
894330
896730
726710
894110
803030
982700
770070
823040
783590
786410
878520
691280
326060
874130
654470
623040
656260
656690
665550
738440
766780
781280
786400
788180
849360
854330
859870
861010
870740
878140
882290
884160
884240
895370
905870
916540
926130
935350
937820
943970
955670
956620
976720
710130
953250
436240
730290
753370
825500
897700
555510
341710
643980
977640
862390
865850
889730
718310
941920
816990
852500
353080
899530
951360
961220
415590
878580
682630
767970
854400
869470
943290
517220
697130
833660
847450
852250
644480
777020
768800
697370
762520
404960
850230
859350
688140
690140
859150
830590
753900
913890
816810
621020
831100
462630
590820
690310
691650
712660
714980
745650
752200
808810
831590
832510
833670
838730
845350
895820
913340
915080
915820
923480
933250
941040
970000
996280
768060
739360
925910
899940
951240
803850
978670
805400
905150
625860
492230
789950
782300
769950
782690
864570
723880
754110
773510
779620
781320
782630
786420
821800
849560
863210
877040
912660
991750
949630
803080
479020
520670
825550
840290
795920
798140
802070
815800
833070
834000
839520
856080
964750
968360
971060
765160
640850
590910
972890
724250
779100
840590
855190
861760
858870
871550
780800
743830
764890
845590
860330
865870
924310
305940
332700
750010
812020
445020
678760
769980
796840
813930
825580
776080
798610
868570
975910
995000
440120
792500
822440
921770
953440
978340
839630
759060
778080
790080
860530
658700
714020
795160
971460
725780
883220
836770
321160
771920
794820
635900
973800
824170
845150
659920
477190
506560
620330
696860
707560
727970
743340
747110
750420
772240
774891
778000
779220
786950
788900
791290
793280
797300
803780
807960
813920
815570
815630
815730
820690
822750
824250
825080
825480
829760
834930
836280
840920
857410
859380
862240
863920
866040
866350
871290
872360
872590
873280
888640
888750
889210
894120
896980
912760
914190
916620
921740
921850
938960
940990
950730
951010
956000
963830
965960
970200
977290
982990
988330
991500
993890
974370
651680
832720
912810
805660
638070
735460
881750
927190
636720
865190
871850
952120
927860
935840
701760
739220
819740
852160
663300
767420
827860
614260
519190
886470
583240
792970
822150
982440
749800
950360
940520
345230
805710
968460
341490
626130
667880
733030
760530
764830
768020
775920
778580
785070
821100
832020
855650
866100
866710
870190
873720
879600
883620
895890
898680
908750
910150
913660
926090
930300
932350
938510
952330
966420
967290
711710
771250
802020
852660
936010
956880
715760
788190
829300
892490
909830
924360
934600
658470
338330
581460
703030
793210
829410
832130
865860
886670
894750
916470
926720
944610
955260
586920
733870
791160
825170
899220
923730
609010
660730
672240
674230
715280
795910
816870
833440
841320
854740
862490
862730
879030
904050
905130
908120
923880
931120
990950
767560
944120
510390
774911
669600
592890
784050
300260
757910
876200
770460
858590
568300
618760
776600
557520
834070
966530
907210
585630
867090
947290
987590
643820
882560
956060
649450
914140
946550
896180
975760
963210
642190
922320
663830
777590
747240
752640
851200
905650
984510
799530
905690
932980
878950
619780
823920
985680
987020
812100
870180
814200
907270
644420
720270
843780
817460
613880
840620
586170
713420
788540
744670
779700
946190
949210
886960
766850
775490
840690
991230
973240
854150
802390
815320
942510
790790
831810
717760
789290
877460
894070
958640
820240
860440
952460
613620
646010
709880
899480
860500
723450
517630
980730
349450
788740
802900
769590
793260
799420
802080
860680
867010
871230
872180
897940
931540
985640
584150
713170
786720
855050
857130
804130
677450
809960
747970
458410
674370
874650
806220
560080
793310
802330
907240
918180
454370
670320
718810
772600
788890
793820
829720
833110
842870
857770
873370
877230
890640
906030
920820
972430
929310
915540
796640
589220
848310
885690
788260
891870
787790
661660
709140
727190
801600
806830
813590
847240
947970
837440
843720
950100
800240
636740
682180
754310
754480
757540
759830
762950
777090
792320
836700
839170
841570
843990
856170
866960
869110
875340
875530
892440
894730
949170
777400
764490
537450
805500
904440
612820
781230
793940
870520
894930
856130
453910
975120
606140
829420
786910
690610
958320
919200
450630
773420
800650
802530
860820
874690
904780
918260
924710
944100
972600
705740
813290
406690
496790
766430
770050
803290
812170
820500
821190
821360
826450
826810
846020
846210
860490
864020
869100
872340
877270
879450
892640
894740
898290
906950
918440
920500
922060
923500
930940
946400
947490
949330
951690
964770
969240
699040
890710
416700
430100
528970
618270
796770
832650
838940
855580
895850
886370
753270
797060
846010
949970
658970
347000
843890
418940
517280
799670
823370
830750
860990
913450
913650
974320
562430
944110
860450
908350
636620
765360
822680
886120
909780
948840
959870
978200
789550
848300
734290
381550
463410
599070
717680
740170
743100
743360
751400
764090
767020
768770
774051
788120
795430
795550
797640
803520
805720
806180
807570
809830
814710
818830
822610
822910
825350
837260
837550
838530
839530
841790
848720
849350
854500
856310
860600
867590
867750
868240
868910
875500
875840
879100
880770
881820
883270
883930
888760
891380
894610
898440
899020
901000
908400
916010
928940
929420
931210
936000
948690
971340
980600
987990
656510
788910
778570
821780
912110
786570
827100
787370
806950
640690
665080
667030
713060
762110
800580
914090
932970
940190
952130
955360
993630
524350
652310
661100
665780
669690
673810
692860
693150
698960
701880
708910
710280
713830
719350
723050
732820
733750
738130
757780
760390
762360
764390
764870
765040
766010
767010
770360
770380
771540
776410
777300
777360
778900
781830
783090
783250
786060
786070
786330
786540
788040
788730
789210
789610
791490
792190
792820
796090
796260
796930
800680
800720
801250
801410
802550
803870
803960
805330
805470
805800
805950
806600
810220
811160
813310
813360
814230
816000
816410
819880
822740
822970
826020
826380
826390
826440
828250
836400
839130
840860
841970
845510
847810
848090
848100
848750
848780
851320
851490
852310
852760
853290
856040
856560
859050
861770
868210
868600
869580
872230
872310
873040
876580
877340
878610
882750
883400
884910
886530
886650
887280
887590
888150
889290
890900
894360
894890
895900
896350
897210
897580
900060
905890
907780
910770
911500
911640
911660
912990
914480
914600
915120
915860
918300
919190
924130
925280
926870
930290
934550
935540
936150
936470
936560
937180
938340
939470
940240
941400
941580
942870
949860
951100
952140
953550
954710
958360
960800
961750
962170
962270
965110
967910
971100
974070
975110
975980
982050
983650
985840
986010
988500
988640
989210
989870
991490
993860
757350
865310
425450
789200
798940
803920
807050
832470
890840
853620
528980
595010
831490
858780
934430
885380
945610
544790
866310
798730
898460
822240
941790
779800
818480
783170
777040
786370
698110
724510
976340
892420
853230
705370
810460
820090
837090
856370
704300
794570
835450
869080
976070
777880
861920
680970
765460
773810
808210
817640
819990
820070
822720
873310
893960
961240
979720
634070
632170
888800
774321
675170
837800
789960
801910
780580
945890
604150
817160
989040
622440
820040
826160
836260
987850
714640
882940
828170
609720
881300
891350
949880
772070
663100
799730
800560
802190
849600
858380
889530
912650
931830
934950
939930
983120
991860
719730
656490
856010
817660
619700
781220
907020
925040
811240
816330
993680
792930
821720
856980
856490
785640
798960
891310
661700
833400
938600
972560
607720
682740
719070
742360
750790
761220
763810
786340
796050
833770
840020
845390
861280
868510
871590
880270
881190
887880
898940
906160
912500
918060
927970
944840
964070
982180
988890
819790
775220
711440
774401
796130
881230
779650
756360
915580
684040
827120
923790
752570
602910
797710
845730
857020
871870
908230
896380
844210
656400
774331
716760
843730
882670
756500
682420
892650
735810
802210
839030
850110
985280
985540
824760
616750
573370
828440
839260
643970
673480
675480
835600
873790
885590
905670
930480
944740
785850
846820
943960
820760
749830
884410
935700
979290
985070
874200
559030
928170
810760
912590
675640
792880
818220
932810
879470
873930
760990
812090
817720
971350
868320
966870
576950
706490
686260
970190
778410
828910
915160
783140
856320
891100
576290
602970
656130
686040
727430
733910
737840
739780
753390
760010
765470
767980
771100
772360
772650
776020
777850
780000
800520
807840
811640
828460
833940
837270
839820
840790
846250
847230
850840
852630
859530
859560
861910
866950
879110
881060
893450
906360
908420
911270
912730
915930
922590
931570
937910
943230
956280
957930
961110
972230
977110
946800
772670
797070
829780
907050
913910
508630
682500
965030
879420
868380
879650
717120
768480
803130
863980
783450
796360
656440
675620
703120
717330
809470
839810
887960
971540
327090
756490
684400
701950
740340
765320
819560
834050
844900
858950
871140
873180
884880
893090
918320
757600
780080
813150
841200
875540
936950
848500
786850
870020
773390
787930
738920
838220
906010
931220
748300
867480
933080
795580
496290
787750
846200
815210
761790
914640
799240
857050
817470
823470
830630
863380
891240
916940
588560
905060
772540
774421
787440
951250
989640
815040
933070
526290
730830
867730
703400
776000
919560
880380
826000
939520
687630
409490
688370
771320
802960
823310
827450
854690
880840
895330
913150
931430
964460
970530
708450
798950
622700
717050
765260
775850
864010
718790
743190
954170
821410
926010
525240
552630
660400
694070
763730
770020
806910
847390
849270
883190
896650
928140
935660
974240
821670
823550
714730
459760
809150
847630
937120
866520
894390
823600
835530
924670
989490
776670
755630
559280
626730
688940
698410
752030
780230
801700
818400
823290
836470
845460
853850
873120
873710
878100
883790
895570
898500
911690
914900
923400
928830
954760
975770
981900
983610
796480
885630
982380
844750
734570
804210
724710
811450
816630
864150
936040
509770
914160
907950
757630
696430
787550
700570
806000
970710
977570
513690
494090
805090
703600
876380
799870
828960
392290
468350
486320
536670
676570
686270
691680
700270
717940
724920
725890
745630
748720
750400
751530
753570
756380
761570
762130
777380
777730
779390
779550
786170
787820
791740
794710
796080
797550
798350
801330
801380
807870
809330
811440
814020
814190
815560
818990
820680
838690
844520
844820
849410
852570
852590
864200
864850
865130
866720
871150
871860
874090
876210
878510
879390
880320
881910
881970
882260
887910
887940
887950
888560
891050
897770
898040
904340
906170
908830
913000
913570
919240
930650
930970
935320
935950
936890
941340
943440
946080
947470
953240
954410
966240
968620
975690
978380
978490
979300
983340
984030
812940
814700
929460
1001490
738880
781660
845250
810570
827920
716750
780320
876930
978450
545620
796340
820320
603000
763610
822470
855700
683970
802690
854060
941160
896840
868890
905640
629910
433850
877150
920470
682290
513600
844490
689620
711770
844050
758120
968200
747920
617970
914510
916510
731720
692780
503750
618260
733570
746680
766500
776390
777350
781650
786290
802340
805120
825110
848890
860430
860730
877680
882990
884770
889970
903760
941800
967370
770370
774901
777660
803750
809180
821330
841020
934990
743350
899540
725370
884200
773770
807920
464610
886360
894920
935190
806470
814610
805880
907680
867800
919300
670830
729220
801010
801890
840500
877780
825310
924370
836480
741260
835510
815360
880550
603210
632110
781260
782460
788820
812770
833180
888670
926470
929430
996050
888070
954000
754330
777050
439370
720730
728630
754020
810800
812460
915710
816060
820880
620580
686620
748650
791320
801840
807730
814990
820250
831510
875710
890930
891290
913830
992080
338640
887850
862300
812450
846050
882070
638020
767340
822510
851580
857510
915440
810200
833890
809580
781270
834880
814480
809280
614160
706570
767840
769630
772220
772320
781310
787530
788200
788350
824520
827410
829610
835740
854650
856240
870680
879120
887170
888710
889030
893490
895180
913770
927580
933840
935720
938360
945550
962710
965900
967100
968380
970460
987060
667810
851050
848260
702700
417200
888690
823640
845970
926370
772080
791990
891090
760460
601540
918990
809840
933290
724080
758150
781250
796710
830410
854310
857330
862850
865200
934220
940630
958510
971880
617590
783330
881490
921060
845630
770240
848550
921630
587540
413740
764410
746010
753090
799060
834140
840440
932930
977900
771610
838980
897550
922080
786750
756230
825000
721310
512070
579130
768550
789670
846780
886590
692790
537520
815030
959540
985580
1002490
859200
781760
699770
813110
767100
976160
600290
770160
771670
778120
780260
796970
800510
809040
817950
819470
830890
833800
847570
849970
856380
861670
866700
867850
868560
883300
888570
917800
932730
954360
970260
992890
740280
752520
843870
785930
803360
810720
811250
827900
858440
886390
930710
970610
978920
548280
769360
828550
793990
829080
778850
622420
788640
805150
965080
841030
801320
799180
816220
868970
878240
879270
697630
840710
776510
793760
829390
782100
857060
981310
879670
789100
707350
776140
790130
836110
876300
913270
947250
670330
671580
683910
695490
703360
707220
750080
760580
806990
821260
827560
836690
838160
845820
863660
885240
890210
892910
896970
897100
922220
923030
929230
937860
951160
960200
586110
870160
879410
776540
806610
776320
779240
801900
851370
874230
891180
926410
812980
614940
816590
734020
781800
903160
636560
628190
761000
814570
837240
870450
958300
933300
620070
666640
742990
745900
751550
758020
777420
790570
801490
803680
817150
831450
839370
847650
851250
938740
945880
948650
961700
990840
719720
862150
759530
786560
891950
715800
922090
940130
326160
854190
768370
751240
804430
805360
890180
777270
848410
925610
968450
678470
696580
749110
811860
837780
874930
876840
903620
907040
914390
919610
953190
806970
634090
788610
870120
504430
596240
890920
813440
855320
821520
802650
618430
635050
799080
811480
811900
861960
864880
871710
513290
942310
804460
907590
823180
788470
821610
691020
744460
778110
815860
831670
862880
873210
877380
895750
924460
951760
811310
907620
677040
822900
823700
589110
656060
769060
769220
851880
852180
861000
873810
878640
887520
918900
946170
796900
758100
640150
911230
318100
801500
707320
856350
869660
881730
470090
858420
820380
722190
729470
821550
910250
970150
644640
932940
656580
908500
921500
463170
801880
823100
712530
789900
799840
873970
752020
793360
918870
804600
987910
880620
861720
774161
909430
782660
893330
817250
891200
770440
898000
796440
485670
763520
826460
877260
755570
728540
849620
784940
822460
803890
803220
814310
697010
922450
919690
863420
951640
774411
851710
851520
893870
883670
787250
778230
804440
855940
816240
885190
766090
955070
937690
790700
802850
793170
707450
788810
749370
767300
810680
861550
830430
833810
843790
914240
668840
803110
814600
853040
858170
879620
896860
959200
690250
814580
827110
876960
971280
646350
807770
841260
855490
924090
532080
782510
787100
823730
843160
856300
864760
881880
944380
952510
814620
848630
861160
891320
891330
940290
968990
788720
796350
847860
856260
868040
872530
874880
884900
910210
960130
974670
651080
753490
765950
781040
790210
790840
792680
798200
799560
825490
838430
849690
857890
859460
870580
877470
877730
883370
929030
947580
979680
618670
697160
756860
762670
764780
776440
782450
792400
792760
794230
796920
800660
804620
817390
828770
851570
855800
874780
881150
882230
883000
886610
912520
925700
928130
961060
974530
976840
979760
704670
730190
731680
745750
747230
765140
769640
770920
787960
792070
794640
802090
806880
807430
808270
810050
819950
831650
838740
840120
842070
843580
849840
860320
863310
867530
883960
884290
884460
895710
898120
906480
910260
910530
911180
916780
925070
928210
929530
931040
934920
937070
939200
941330
943030
948330
955530
956390
958310
961230
970550
973040
978040
978710
985090
986400
436680
492860
504610
642660
644330
688200
709750
730460
731690
731860
736480
743990
747120
757670
758610
766420
769170
769930
771120
773570
775570
776430
778240
779070
779160
781780
784040
786080
786840
787730
789490
789700
789970
792870
794630
794730
795320
801150
802300
805350
806480
809480
810190
816030
818350
819640
827770
833510
838150
838760
843760
844620
847870
848740
848810
849390
852750
853000
857110
859720
859970
860360
860930
863640
863690
870150
874250
876410
876540
876810
877070
879090
882600
887870
888200
888250
893350
893940
894820
896420
896940
898170
898250
903680
904680
907920
910400
911170
911440
912260
914350
915430
920450
921920
923130
926240
931820
932150
932920
933430
933590
934250
937360
940180
949510
949930
950750
951110
955570
955980
957220
957510
959340
962490
965760
971230
971640
972650
977980
980440
757810
370350
798590
791150
859440
874240
978290
682620
844140
588160
868920
307150
886270
331210
862210
957410
899630
836790
874700
936800
754350
792640
753610
882200
882330
896700
916390
929330
960820
833390
842130
932670
854550
965940
365980
458490
789930
796110
863580
878660
743090
828890
503780
588800
795310
853020
858840
912820
953290
970130
666310
904990
610570
880200
773230
723390
348810
775860
791760
795530
825970
882910
886010
799860
834750
893060
697870
777140
783420
827270
835560
862990
898340
940350
943680
983520
860620
767910
861740
979170
954070
373640
713500
726810
762380
830810
831740
888610
979890
824880
797040
876340
922810
779420
682790
696840
748060
768990
781000
802360
807950
814640
831790
869560
884430
897420
938660
960270
966370
968540
884550
759160
797090
800380
929290
760930
860340
529910
876470
596740
904820
991280
834910
487720
802660
875430
719320
748050
772440
794990
805980
809200
831950
854030
889850
908310
920510
944860
520680
850690
856430
801020
817680
768750
779570
796460
932870
761110
893140
910200
763740
880470
611180
992860
909580
932250
781050
723810
809080
770270
770320
779110
798720
823330
825620
828540
869930
873850
876290
878710
886020
888620
904930
925090
937320
952010
977590
997340
876330
906680
948510
963910
738500
860350
700770
777560
814210
641910
796950
856760
765250
805110
653120
615400
873960
792480
583950
871270
953610
811750
857520
780120
816660
488020
621090
689270
787460
791050
792000
811630
823510
847300
847310
851920
852860
877590
893460
898930
939240
945850
970180
976240
838270
949960
867610
870990
559340
769340
796520
773170
788490
814140
822870
872400
878570
888970
952020
790230
798830
770350
779060
757590
818440
773330
769440
778590
911260
843040
875630
892020
900340
917550
951030
880780
884390
891190
896850
765180
938000
832610
464020
650600
690820
731430
747930
758790
765570
777550
780220
789680
790760
795230
806940
809570
809610
815480
818590
842030
860480
875780
889470
907220
912020
929510
935940
946500
947400
947540
947830
952850
956150
956590
962240
962370
968580
971090
979550
990160
997270
758050
949050
715520
843190
837900
932160
974680
790300
800030
820310
850740
865720
885320
905180
987490
992720
699870
820580
569870
758880
769940
878270
840130
709870
906920
823710
860640
747700
777310
783890
843270
851350
984820
824580
726950
862120
823280
815080
904860
252250
939390
804970
890820
975200
811360
984240
928610
838900
724630
763200
765530
766700
995280
590660
600670
658420
778360
818890
860770
896990
935110
982480
618200
794300
598600
850310
893150
918680
824300
954530
822770
876110
884440
993400
865390
738530
548470
733670
743030
797660
811950
880890
888740
891700
923460
924040
961210
348570
546040
658440
711000
771820
778540
787140
796980
800980
802320
814010
818430
821480
824400
826430
827540
836230
840940
841800
854510
863170
867460
869420
874810
890470
890690
895940
896240
897530
897910
899240
905860
908090
908590
910290
910850
917760
924960
929210
941980
949830
950330
950910
959590
964190
981120
981130
984580
988590
992480
994650
942300
546900
895080
850940
861260
795610
839590
844610
848960
874140
938840
853210
887740
645150
683150
741650
756290
777900
816580
828970
851940
856420
860400
868000
877250
878300
973560
810610
783060
755230
841840
894010
913820
914230
929690
714210
292330
732520
973130
812860
857370
746020
763630
792060
867540
871620
888810
997870
757130
791590
691590
879610
933700
757160
760680
807890
814630
918080
700030
881510
663290
781520
968940
781100
820750
809790
753110
684200
904600
823160
724110
621880
573750
771470
872000
873320
709280
777250
790950
808420
841990
858180
862640
872550
878500
883390
909020
954780
963170
982010
587390
774451
785920
800320
812850
829630
922880
933970
839680
842640
878470
878820
898760
913180
774131
833150
652660
789890
911040
724430
751430
778770
780970
782160
797420
801770
815840
817520
827930
848730
863870
866340
875100
918720
940600
958990
998890
801280
924810
572010
636230
881170
922130
953050
840180
911130
936930
863560
822070
874330
885110
707060
845330
853940
910220
291250
530930
749780
796030
807860
807940
811180
843820
875250
967430
842420
878080
853580
754640
367240
765010
792800
868470
923240
576690
666090
737390
791380
799270
800130
819070
850830
895580
911480
940330
959260
971900
868100
914500
576120
796320
829250
744220
861350
590250
922630
815260
794650
837530
791430
870750
904800
937970
718270
906850
975030
647820
686600
678450
914220
832680
831540
860580
870000
893590
906020
919040
645330
688350
851290
988340
994750
835500
776890
705700
844300
907460
938390
692030
529060
874270
523640
828230
856790
789880
861940
878980
734380
845200
916860
476680
588140
596730
673580
685330
685970
690840
723370
727840
740560
744070
747280
749150
765240
766620
770790
773910
778600
780930
782420
790890
792470
793950
796580
796800
800710
804680
806330
806360
812390
812470
813350
815620
816200
816400
816840
816930
818070
818640
818720
819370
819660
819730
822250
822840
826580
831350
834100
836420
842350
842490
844580
845170
846530
848460
849880
851220
851240
854530
859170
859920
861790
863120
863670
866780
868390
869630
870940
871640
878540
886450
886540
888880
889060
893170
895960
898950
905270
905590
905630
912630
918550
921690
925540
926440
927670
934510
941200
949570
951920
953790
958900
962650
963050
966140
970360
978110
979590
981320
983040
984150
985420
990890
779790
810740
827170
838840
933920
942480
959850
838540
819650
931360
695360
750070
825610
528930
650720
661690
698030
724480
750270
756340
759840
767960
777000
788500
800160
810650
812430
825450
839970
847600
854540
862190
867570
870010
873160
878120
886230
887630
889990
895210
912790
916370
926480
934470
945910
948200
949520
963200
964170
967960
972620
979220
982690
993290
626550
670730
800530
857570
813170
820710
732060
936810
893070
723020
748820
765790
776100
789510
839620
847510
850810
853760
855030
855670
861290
886290
896220
916260
956430
963940
974010
798560
870100
776190
724090
838050
850250
859610
935180
822650
769200
782020
782700
832990
846370
864600
914630
939150
955380
956480
965840
984170
610210
966160
841370
643950
669730
677920
787300
806150
819210
840090
891270
898690
909900
939750
773120
815240
874380
905790
866260
876910
938640
807850
807880
837210
847260
882630
887710
910430
845480
917240
697020
788870
787780
842250
645360
705050
845400
851010
987980
766040
781610
650810
861190
644890
710090
785670
792810
903740
916880
734590
847660
763300
922800
938820
969230
981790
807340
810770
605760
866150
681660
601380
834450
731500
839430
873730
897390
914130
619140
672140
813240
833920
768130
776290
780160
787720
823740
853830
861210
915960
312310
860670
874020
756090
791570
793970
804830
890800
657400
792900
807910
818380
837290
853120
893650
911210
953120
961740
964050
551550
912210
790540
711930
646050
885100
807790
786670
434300
898380
688750
733040
744610
777530
801180
801940
803570
827780
844030
856730
863290
865330
867580
868950
873050
874640
878410
888540
912360
924500
929800
937130
938870
947310
961720
873910
458520
857240
845870
856440
733770
837100
809490
881610
895970
799890
810540
814340
983840
868410
664120
781240
797190
878160
738080
821860
857700
905300
914070
916630
973110
692840
779610
737530
781880
882280
611810
813200
845520
881930
891470
909170
914200
949710
992000
776550
752730
814770
807780
842190
837390
838420
842590
959170
684510
693050
809760
848610
849070
878810
905020
801780
839730
778550
786980
793510
650340
745280
754380
760220
766460
770830
777620
777860
789980
793250
800840
806930
808020
816570
823670
856770
861510
890200
890680
911280
913350
934590
943080
944420
945820
950600
951070
963590
975220
978020
984230
992360
818790
925690
834470
783240
765400
788800
811190
856410
883170
913370
729090
791950
946210
603460
916820
773240
730310
763490
822130
833380
876140
897400
937780
765290
776610
779150
795480
850270
884590
904950
913250
939580
953750
961680
843500
796860
781290
826030
970620
924020
844310
741820
777640
840170
875550
904550
706840
775790
865100
449070
660120
786740
844350
861320
968430
488350
906190
787420
806160
923690
823650
820300
829750
759750
815390
835660
809800
850950
876860
892130
895550
933630
864940
570710
844290
880990
854810
916640
931250
806240
854160
769390
786130
795140
817620
819080
844250
864590
879320
880590
935450
969860
828160
830510
916980
787430
794530
937620
993750
817110
822550
850960
793180
837920
751740
762120
770560
772300
779840
783960
805480
820660
849870
850550
855160
867770
871320
876170
888030
912120
923120
946810
964450
965730
489240
759010
790810
833640
899990
935240
811540
951320
740790
932310
839890
788510
678890
790160
794050
876870
961920
828410
833820
860260
874840
886420
801060
847580
989780
733550
782410
788960
792670
816920
831690
849860
852920
871300
872330
931140
952030
860190
599010
803320
885730
778830
743860
773640
816670
858060
809450
815250
843420
938520
655980
845570
884530
968980
911880
842530
907160
658880
704940
768570
776970
807930
813280
815170
835440
843400
859860
862500
871670
884500
908920
953760
955290
970680
943640
644130
845530
799610
807830
869280
778270
790610
805690
920700
933050
989650
839920
984080
809220
809780
925670
845440
619080
801340
842620
935960
868190
831520
832550
776740
757500
765370
772100
807820
834210
878400
929610
946790
955620
754610
785030
821850
874830
837110
844090
389330
498460
761130
923180
935460
877750
737510
274960
748670
773340
860570
950780
986320
598030
783220
946600
895430
933690
384880
899570
917600
999480
803310
823770
755450
786940
828080
848150
709050
794690
802180
771370
719590
842270
868960
875360
908950
868460
861180
933900
842560
773650
948120
951500
809770
942340
771400
866180
866280
833700
821910
842290
833300
756520
790800
962070
768170
752720
868350
785950
799120
867620
885090
791790
855480
875260
825380
849320
780690
836860
792990
785680
862520
938940
