1794680
1332010
1583720
1290000
1593500
1533420
1999360
1687950
1942280
1684930
1817070
1424330
1868140
1985690
1677770
1059990
1167630
1455840
1260520
1586800
1901370
1948280
1969080
1061910
2070550
658920
1665190
1284190
1718570
799640
1328840
1927720
1293180
1275670
2237980
674140
1829980
1574270
1262350
1350650
1171320
2206340
1776970
1599600
2088570
2135690
1740100
1865780
1115050
1239690
1451940
1827680
1732180
1599020
1935660
1035990
1657630
1359980
975370
1336490
1269640
1902490
1955330
648800
1148760
1062520
2106520
615120
2083040
1313140
1535560
1848450
799600
1522870
1997680
1717770
1215390
2113430
1574580
1986840
1488200
2240530
2058180
1562700
2085360
949480
1903370
2207540
2124380
1888430
1718870
1939160
1515210
2057080
1817940
1629530
1834870
1706930
1401590
1725640
1703340
1205520
1179080
1063660
1817000
1768640
1733060
1730680
1147550
659540
2058190
1745510
1888010
1361510
1155970
1777430
1135230
1822910
1942120
1668510
1817190
1786790
1237320
2088270
1487270
1865060
1701800
1588530
1585220
1245620
1328350
1737100
1850480
1379870
1865440
1896700
1954750
1684410
2171440
964800
1871310
1949960
1296540
1694420
1712830
1296770
1854430
1910580
595500
1850570
2088250
1296830
1874170
1109570
1287040
2066550
1578650
1853200
1881340
1902710
2119940
1975120
1970460
2113540
1923790
2226870
1878740
898890
1998530
1545990
1977530
1966900
1967510
1740930
1182110
2056560
1984350
1980530
1604380
2112520
1743850
1785820
1883260
1962920
1621310
1895300
1679210
1834920
553420
1846170
1425760
1723260
1919460
2085800
1755100
1051690
1932570
1988540
1210320
1608290
2059670
920210
980610
552080
1985260
2067920
1532710
1249480
1761390
1615290
1944250
1511780
1944240
1150760
1428100
1791610
1954200
2060130
1594320
1684660
1972710
1070790
1972440
1621690
950620
1309000
1975360
2062930
1457220
1808400
2165610
1927740
1572920
1338580
1921900
2091250
1720850
1769170
1600900
1135810
1689910
1986880
1850550
1732750
1592670
1766740
1182900
2173570
1570010
1722520
1477070
1916970
1709170
2084930
1908670
1792250
1076130
2125770
1900340
1460220
2081460
1568540
1983000
896520
1859470
2005660
1726400
1975180
1573630
1341290
1594940
1697700
1669420
1399240
1909420
1918520
2124780
1783110
1028350
1896170
1373950
2009720
1779560
1769320
1865370
2180300
634410
987480
2099080
1721170
1835440
1829420
1885750
844670
1771360
1600500
2074480
2185770
1841390
2151290
1253920
1601280
1949740
1158160
1740850
1229240
1182310
1385380
704920
1957990
1346720
2098790
2060480
374190
2108600
1862520
1739070
1921780
1295920
1950570
1705180
1089630
1701190
1730590
1294420
2066020
1221250
1611410
1668690
837350
1141580
1469620
1893620
2022180
2022270
1637730
856890
1811950
1420810
1432050
887570
1571940
2106810
1129540
2102020
1798780
1940040
2160000
1776160
2092620
1932230
2013900
1718910
1789650
1371720
1840660
1390190
1697720
1813150
1098280
876160
1029650
1782120
1637320
2197490
1647550
2153330
1667320
1846460
1650590
1859280
1410640
1360390
1848960
1172800
1970580
2010250
2092750
1353920
1261220
889910
1608070
1917920
2089350
2184130
1245430
1319460
1231880
1967870
1714590
2000150
1462040
1929360
2000280
1866180
1192440
1780370
1878570
1953060
1229390
1161580
981430
287310
1854980
1329500
1587130
1136370
1069190
765480
2020860
1901490
2196980
1918300
1787500
1919550
1877960
1857650
1669360
992300
2129490
1890120
1016180
1996420
1031460
1996210
1988940
2097180
1927780
1897120
1145130
1766010
2157110
1684100
1980390
1411740
1086850
1604030
357330
1548940
1223870
2010420
1922560
1926680
1491490
1805200
1280930
1986760
2058150
1989990
1121640
968250
1478160
869480
1740680
2058950
1504340
2025610
1788780
1190170
261550
962130
1911390
1861290
1297210
1718130
1531490
2061440
2168600
1863080
1378800
1659420
1671280
1730260
2113050
2017370
2027550
2093900
1510460
2138700
1891700
2110460
2111060
1603410
2143770
1919750
1574240
1546400
1896880
1601340
1668190
1831250
1676130
1680550
1837330
1583230
1533470
852780
1946430
1352930
1341820
1059980
1910680
2050590
1726760
1939790
973230
793830
1862270
1607130
2204230
1978760
1973710
1909810
1790490
1935570
1768280
2245890
2001570
1907180
2025840
1807750
1731200
1709730
1622770
1688100
1742610
1485080
1977110
1102930
1409530
1818180
2081470
1968430
1572080
1880710
2183010
1886830
1943950
1874490
2009380
1936360
1744570
1410440
1829650
1941110
949290
1824080
1645820
2055540
1173820
1257660
1867740
1974610
1909290
1700870
1961520
2088080
525680
1914970
1582290
2074890
1853380
1324780
1773490
2063480
1114220
1373930
1490340
2152190
1284210
2101220
2143340
1907060
903630
1131670
2025660
2099110
1961950
1611430
1515490
987840
1872860
1288900
1573090
1906020
1409770
1860850
2182750
993110
1863540
2138350
1768920
1849310
1687940
1390410
1202130
1904980
1765780
1646350
1956600
833360
520010
1855830
2084050
2196790
1453490
1920540
1318970
1881800
1811740
2015700
1970980
1879380
1714420
1985250
1678430
2063680
2095250
1808060
1685750
1888660
1477590
1399720
2067760
1860570
685240
1904540
1788850
1829470
1108170
1191770
1734680
1702990
2105960
1753270
1880490
2093760
1959480
1950440
1180130
1797930
2005210
1836160
2018640
1747890
2101350
1084600
2109010
1954640
1985360
2010530
867210
1291010
1320490
1846630
1875950
2216960
2065330
1616280
2066950
2169800
1923680
1956370
611790
1515900
1890480
1843030
1938850
1985240
2217440
1104450
2177620
1960270
1446780
1997040
2066250
1919470
1946550
1730000
1965800
2006140
2026520
1952760
2096600
1626460
1818750
1449200
1461600
1933740
1024160
1224840
2084010
2130000
1782600
1802850
1832050
1812390
1655890
1939560
787510
2163810
1570980
2126870
1856900
1431230
2098350
1860760
1595510
1892850
1762480
1509510
1858530
1804270
1899620
1220010
2105660
1324530
1947300
1952910
2065000
2150700
1836120
1533680
1248840
1614270
2004440
1218210
1637760
1709050
1839510
2092190
334540
1603500
1938260
2109640
2027360
1841640
1640160
1949190
2070390
2157340
1750200
1708990
1907980
1872740
2066360
1755030
1879330
1911980
1910320
1885030
1483370
1896900
1987060
2076250
1763620
1829910
1860900
1084220
1714080
1380910
1919500
1843350
1819160
1929870
1881200
1712950
1853260
1957230
1156380
1301010
1755580
1727180
1707870
1097100
1850360
1247360
1843430
1899700
1704730
2076260
1886070
1508530
1452210
1844100
1627310
1877710
1629520
1808120
1491200
1908870
1945250
1297790
1808900
2096610
1898290
1915740
2063420
1933640
1491340
1881120
2140900
1850740
1728660
1581500
1709700
2023910
2197950
1815340
2114370
1931240
1259140
1492620
2004180
1930440
2168610
1779180
2083250
1347550
1968730
1468720
1879280
1873510
1748230
1799190
1876560
1965610
1996600
1844330
1493520
1603640
1882280
1605320
1701460
1372110
1812060
2098470
1779460
1902650
1949010
2089490
1587860
1853840
1885690
1702840
1767320
1862880
1811600
1184820
1384940
1629940
1737980
1983580
2163620
2054740
2094750
1232100
1543380
1847240
1777000
2025650
1757490
1170080
1677570
285110
2026870
1829620
698700
1973450
2090700
1474120
1895860
1920660
1550760
2062210
2190290
1393420
1937750
1901340
1981380
1990050
1944060
1934100
2185290
1881350
1233410
2113490
1608470
1750600
2093950
2127230
1674890
1809650
2214950
2137630
1345860
2027530
1743080
1489120
1905270
1261300
1351140
1521810
1860550
1620540
1807080
1948620
1829640
1774890
2091790
1960590
1997080
2006330
1276070
2093420
1000700
1770820
1792270
1910260
1960920
1394480
2167220
1486080
1403020
1441550
1512480
1514950
1676910
2118130
1705930
1818690
1856480
2085920
1492730
1435470
2060550
1051350
1575070
1693310
1796060
1958400
1960400
2088680
2207520
1461920
1810270
1856030
1552310
1715730
1091320
1367490
1773700
982290
2087290
2179380
1617580
1987080
1388870
1835870
2088360
1442670
2061230
1947350
1702830
1343240
1768550
1948430
777470
2104790
1766100
1658930
720660
1590190
1711420
2064580
1649080
1670870
1883580
2205950
1787760
2088520
1893860
1285060
1918040
1484620
1109680
1443630
1709070
1827600
2103710
1851280
1413020
1815230
2135500
1354830
1658880
1966580
1851730
1960630
2061750
1862940
1763050
1033080
1512720
917140
1206090
2145490
1046790
1454540
1945060
1843090
2165030
1290880
1763190
1393570
1781030
1550730
1529160
1911560
2175650
1890520
1096140
2176940
2009800
1614360
1390700
1653050
1961790
2175250
2222200
1044720
1770830
1883570
1935490
1979320
2213770
1315980
1722840
1775110
1647390
1703930
1709180
1874810
1927140
2226780
2228140
1732330
747200
1772820
1849040
2015040
1998330
1298140
1394460
1842050
1865680
2077870
1933980
745920
1750710
1800790
1768780
1985510
1012110
685670
1493730
1999170
1884990
567590
1054350
1448840
1893020
1948870
1972740
2012500
2052680
2062920
861650
1067220
886200
1512390
1670120
1749430
2012440
2163450
1785000
2171920
1674820
1582410
2158900
1885670
1272320
1649630
1846920
2111040
1894080
1811430
1843880
1865100
1952740
2022380
2072170
2083180
1917450
2144350
1725620
1734250
2065800
2130540
2100050
2016220
1921740
1978100
1696220
1683430
1569200
1519010
1928010
1679220
1747830
1887250
1658290
1698030
1822710
1998050
2110510
1745310
1929420
1833300
2027000
1428140
1999140
1975670
1417890
1867530
1346770
1468160
1378990
1865130
1239320
1664670
1931690
1227280
1823710
1810610
848080
1339110
1465640
1531620
2000300
2169730
1952170
2097540
2162960
1826090
1833560
1946990
1994440
2128530
1364210
2078290
1175840
1898610
1620720
1892950
1858500
1760240
1914740
2081180
2095180
1859360
1966290
1829540
2130680
1847390
2021910
1575450
1494910
1849820
1639300
2091370
826540
1968320
1553120
1866430
1497710
1681010
1719690
1869870
1989310
2053360
2173670
1745690
1211240
1702980
1956670
2182690
1889640
1917090
1671480
1240590
1114290
1988630
1986230
2005950
2063500
1867610
2018830
1116880
1863670
1429500
2152630
2017890
1862020
1904610
1921560
1850270
2061020
1839180
1909800
2128220
2218420
1588610
1592360
1616520
1655420
1741080
1874950
1877000
1890550
1939500
1969850
2112150
2121190
1266430
1986310
1763150
1642170
1912460
1916930
1812090
2001970
2077550
997010
1556790
951820
2068280
1345440
1846040
1970060
2019370
2210780
347800
1699860
1895920
1363680
1719550
1771440
1926390
1931060
1943740
1954020
1959510
2016540
2158130
1918130
1843940
1590910
1921760
1631350
1909220
2059250
1793030
885510
1929900
1764810
1909040
2002410
1903730
1765560
1689350
1876350
1964330
2050540
1550840
1947530
1599660
1683340
1817470
1540060
1151050
1574900
915230
1220100
2088040
1650860
1482860
1489110
1975660
1714050
1807610
1888800
2020380
2109620
2116600
2166710
1492750
1724120
2003660
1909770
1852380
2118540
2181720
1679700
1343670
2132480
1617030
2194810
1140150
2158730
1659040
2007530
1047170
1865730
1928430
1080450
2073470
1167680
1985420
1766390
789660
1291540
1666520
843810
1771990
1905260
1973040
1990370
1705580
1897320
1982130
1141600
1309090
1550870
1677380
1856970
1889650
1943370
1973010
1995470
2086180
2159180
916140
1882240
1711610
2181640
2222970
1828690
1610900
1622780
2015240
2181430
1157390
1751630
2138780
1923690
1564220
1642010
1678320
2118850
1748390
1934800
1732390
2074910
1550270
1578500
1767250
1522080
1973700
1846890
1964310
1964360
1930640
1916310
1988190
1609730
1729300
1857580
1114950
1275600
1452790
1484130
1887050
1920700
1934180
1938290
1967480
2021050
2023430
2059480
2088670
2124440
2185400
1410710
1961300
1823930
1861880
2142710
1875610
1660280
1968040
1693760
1778720
1907440
1928370
2189420
830540
2066240
2081630
1932280
2209190
1861970
1665130
1682060
1080040
1581880
2019360
2069110
2093280
2156120
1985930
1009560
1449070
2055500
2022090
1432390
1602010
2015620
1529220
1847510
2017270
1292040
1906180
2176270
1087760
1913490
1878770
1957590
2005800
1614550
1640320
2143950
1383570
2076220
1820570
2018560
2024230
2019830
1060230
1357220
1821340
1863560
2176760
1538730
2106680
2133930
1599560
1926620
1851910
2098290
1873030
1924910
2146720
1693950
1761010
1799950
1945810
1324350
1975280
1155300
1167150
2231920
1750770
2125120
1456470
1918880
1927480
1978460
1978850
1996710
2005320
2014870
2051590
2077080
2105000
2158510
2125420
1732060
853450
1839540
1964870
2144460
1937720
1768270
2122430
370060
1482870
1662860
1766000
1830040
1841320
1966440
2077430
2089340
2101110
2122550
1254130
1825340
2179360
2168870
1706850
1632140
1979120
1874720
890550
1613670
2093250
2121100
2143010
1755350
1920400
1608660
1869980
1138100
1918450
1282760
1662010
1692340
1710830
1807500
1869580
1888590
1923070
1937850
2073530
2087470
2094730
2105910
2150760
2186240
2208060
2214840
505460
1412890
1489300
1883320
1909330
2019990
2178170
503770
1577690
1654800
1705150
1762400
1866990
1885200
1927930
2111220
2153770
1824220
839330
1661640
2165740
1901200
2084110
2123120
1114380
1271260
2117080
1995680
1887330
1767220
1240480
1360940
2021130
1383640
1738890
1860960
1811040
1607200
1247860
2101560
2062550
1250900
1786480
1299810
1327430
1544000
1924590
2149870
2245270
1694310
2089920
1985610
1461930
1600220
1769640
1798810
1848350
1848730
1877440
1921550
1957210
1967010
2077040
2093590
957660
1403310
2061250
2071530
1981500
1643100
2055390
1923670
1655960
1813190
2086380
1716360
1532690
1088750
1915210
1972820
1907720
1992430
1761290
2006090
2148320
1833960
1191260
1588410
1248450
1288410
1908790
1912500
1938180
1950460
1974320
2137560
1175460
2025750
1351470
1704830
1778630
1908680
2142370
1594460
1844720
2012160
1731070
1322100
1862960
1719240
1809500
2017580
2144390
1881420
1524550
1478340
1837690
1964260
1508980
1683710
1695400
1707850
1878970
1944000
1959490
1991450
2053580
2098600
2101710
2131960
2170490
1992850
1556980
1350200
1778870
1049890
1402020
865680
1559570
1724000
1843760
1383680
1859290
1801640
2200470
1812290
1497450
1862210
1493960
1771210
2164780
1906590
1176470
1667130
1951940
2091130
2092130
1829450
1884300
2166370
1692510
1790250
1865170
1880230
1881180
1923820
1940090
2241190
1860860
1864590
1907000
1190150
2027920
1833490
2209680
1546100
1831630
1721870
1575470
1600370
2158240
1430760
1359920
1983270
1918530
2026370
941890
1165230
1344120
1385680
1458090
1486790
1780480
1789180
1819520
1867000
1886400
1897630
1898560
1921840
1938150
1960890
1977730
2057790
2072140
2074780
2126630
2152000
2168650
1034150
1162990
1857970
1871500
1899800
1981830
2075050
2141090
2175200
973070
1427340
1551560
1605220
1865510
1486950
666150
1669340
2001380
1994230
2095450
1595020
1651500
1701670
1746560
1861870
1871740
1898670
1905430
1926440
1963480
2066300
2106770
2226890
2235250
872670
1879640
2162780
1985500
1498570
1908240
681640
1838970
2020530
1981570
736420
1488650
1648760
1824130
1830270
2055130
2224790
1664220
1494450
1620100
2123100
809540
1131720
966190
1417750
1568130
1663380
1698020
1708550
1730020
1755670
1840730
1847900
1861980
1865050
1867270
1871880
1888720
1942860
2070220
2075760
2149480
2186140
1475810
2085970
2116790
1983690
2162160
1702390
1613580
787850
1744330
1947970
1963360
1003860
1468250
1622040
1731730
1849760
1917760
2074560
2098090
351160
2168450
1704080
1832950
1646120
1812970
1871790
1315410
1612100
1807690
1867450
1911170
1981480
1779960
1844140
1947060
2174600
1993150
2153310
2191670
1256230
1996930
1848200
1861230
1866420
1966100
1815780
1659600
1735670
1472660
1651610
1842510
1889000
1969440
1810210
1949000
776280
880870
1012180
1222540
1277870
1400630
1436410
1490870
1707790
1729250
1745640
1746660
1766350
1767190
1849370
1852140
1897000
1901610
1939770
1948220
1971190
1972880
1975450
2016110
2056550
2077150
2085160
2123800
2153570
2169350
2240660
1839080
2010150
1625830
1673020
1765700
1848580
1963510
1988880
1998510
2061510
2095120
2147640
2167040
2171650
837880
1444320
1837820
1942540
1952900
2083900
1469690
1177380
1413990
1057800
1674240
1737760
2219520
1990590
2099440
1083300
1264880
1730140
1875140
1897380
2134970
961200
1403370
1968340
2002450
1296610
2021530
914890
1823170
2099900
2103340
1836860
2143930
615530
1611600
1035660
1767560
1763830
1839660
1256530
1755240
1750740
1219540
1414250
2216360
2003220
2121430
1037460
1650200
1659410
1858620
1859650
1870210
1928320
1934020
1934540
1972190
1978500
1987590
2066920
2096580
2118110
1700220
1779530
1792600
1859770
1684710
1835830
1907430
1939290
1832070
1896160
1850960
2158270
1090590
1258520
1408070
1448970
1566550
1636690
1679910
1712370
1746700
1748330
1773570
1780450
1855030
1869200
1881950
1888100
1906400
1929850
1930960
1935100
1945820
1949490
1959260
1967110
1976450
1997830
2009560
2023970
2085230
2093020
2117930
2138920
2157100
2162350
1042920
1478350
979480
2051420
2176560
2016370
1859370
429790
1724320
1339640
1959530
1823340
1842690
1731260
1812930
1781160
1921770
2012530
1479890
1825440
1273400
2116850
1854970
2004610
1211930
1871750
1926170
1955390
2008060
2119240
1526930
1817290
2050720
2073710
1702180
1961460
1063540
1116110
1576370
1423080
1990740
1388350
1627330
1747790
1880640
2074690
2082560
2217210
1739010
1448310
1885540
1944670
787920
1409700
1766540
1866610
1889320
1896710
1897580
2055470
2109700
1872790
1455070
748020
1305820
985900
1981300
1698670
1986240
1240610
1189100
1455900
1966130
1882140
2163000
1882040
871980
1909270
2023050
1557580
906870
980170
1162760
1220600
1503250
1591380
1631830
1636070
1687470
1694550
1711740
1768660
1798740
1802430
1808240
1834110
1834540
1834550
1835490
1836680
1847860
1848220
1851690
1860870
1866470
1870580
1877190
1885120
1903770
1904410
1925910
1951660
1952780
1975290
1978080
1997550
2000320
2005400
2018030
2027810
2052140
2058370
2076850
2098390
2121910
2133440
2200790
2206980
2213450
2222710
1879340
1993200
1201230
1770600
1925320
1808780
1429350
1952440
2206830
1855170
2019840
2136820
1370140
2080640
1906140
1836450
1916850
1286580
1588340
2010110
1547410
2118910
2143810
1588250
1688080
1714660
1771180
1834120
1987750
1989140
1991470
2065200
2072110
2089710
1904820
671640
1795430
534380
1783050
1801470
1477980
1925310
1827980
1413960
2193880
1389990
1963520
1907380
1178130
1756180
1702970
1947750
1056840
1770390
2091500
1383250
831110
1562230
2014370
1958860
1980490
1854250
2097720
1225790
1354990
1732480
1768260
1904530
1907420
1953490
1986900
2063430
2113630
515960
1919140
1971770
2074330
1603720
1620410
1936710
1189630
1621070
1125910
2004490
1080020
302810
1920390
1669330
1787100
2000310
2003740
2074980
1988750
826470
1123360
1548350
1556660
1561430
1575580
1625760
1636250
1646090
1651930
1679930
1687080
1699500
1725990
1757950
1765310
1870910
1884850
1893880
1897150
1902240
1914900
1928660
1965260
1965860
1968790
1987350
1995760
1999880
2012690
2023210
2062190
2068820
2096400
2096710
2138010
2147020
2177260
2196770
2208730
1437750
1822340
2004890
2180010
1669170
1937840
1717570
2099220
1859020
1546930
1837750
1767170
1483100
1274710
2051440
1841400
2109400
1496250
1620290
1683100
1554070
1836970
1949910
1964690
1969720
1983740
1997070
2138000
2192500
2197600
2222770
1148560
1907170
1773060
1869310
2087030
2004360
2131820
2011470
1164690
368260
1953970
1198290
1606210
1987120
2175770
490280
1573390
1896750
1978010
1899950
1977030
1849000
1195070
2244640
1602700
1609780
1633370
1836880
2157130
2076740
1683950
1933650
645720
1933820
2153410
1768880
1993910
1944790
1953760
2232200
1924710
2104560
1378890
1916290
1843730
1137320
1482640
951860
2197160
1976570
1657780
992730
1631080
1868300
1029690
758870
1873860
1614780
1694670
1842730
2076840
2008050
1061400
1331390
1371880
1412950
1479980
1498290
1585650
1597610
1604180
1686380
1703210
1711520
1718340
1788840
1819950
1836920
1841520
1874990
1883530
1884890
1891920
1900400
1907150
1928120
1929930
1938670
1952260
1953380
1959470
1970780
1994960
2001140
2003550
2067300
2071350
2086820
2094570
2094760
2098280
2102070
2111000
2121260
2124040
2125050
2132710
2148060
2154090
2154800
2160230
2202900
2213850
1722750
1137100
1350100
1422570
1441430
1775300
1837210
1845050
1857550
1951380
1997060
2054800
2209610
2061260
2084820
1337920
1520850
1640300
1840350
1903630
2116890
1561890
1900280
2089450
2203170
1973610
1744640
1793420
1810000
1822460
1837510
1993060
2003370
2059740
2077270
1850510
867960
1916270
1413370
2010830
1917630
1899810
2159300
1890760
1985770
1432680
1591690
2072420
946030
2010450
1918540
1770840
2076800
1665280
1931510
1840590
1903640
2167580
1917560
1099640
1684670
1937470
2011340
1442040
1963900
2111760
1946970
1840540
1896450
1080700
1424690
1690440
1850840
1966690
1989850
2216180
1890650
1688320
1703140
1847950
1939430
2012140
2111860
1825620
1961390
1702330
1849890
1905810
1337760
1933700
313700
513910
1372730
1465440
1578330
1637950
1644080
1736480
1899170
1943310
1971400
597180
2179290
2050680
1313700
1370690
1865340
1969820
2021410
1611910
1642580
1876730
1449230
1993030
1404660
1766810
1973110
511270
1366390
1419150
1523350
1632170
1671180
1679840
1728390
1769360
1796640
1798670
1802500
1824010
1847750
1849350
1849440
1854870
1868710
1871840
1876720
1885460
1910230
1913690
1919440
1928800
1936190
1979590
1989090
1992020
2059390
2083630
2126620
2130230
2138790
2151420
2158850
2166170
2169460
2180610
2210630
2242810
1100930
1643180
1909380
1588400
1542280
1848710
1268420
1921530
2154330
2012620
2118500
1963500
1816080
1454640
2215690
2071360
406350
1834820
1772310
2061290
2076810
2185880
2222910
2223810
1656780
1435970
1684400
1826910
2060320
1815550
1269710
1389360
903280
1302230
1367960
1669350
1796550
1979970
2090580
2113000
2144180
1941840
1977960
1563150
2015500
1257800
1326270
1535210
1854140
1789480
1419750
845890
572510
1174030
1775520
1830450
1869510
1940140
1947050
1954070
1963280
1972200
1977250
1989740
2007030
2070190
2086570
2122040
2143290
2186780
1282410
2159590
699330
1926120
1348690
1028590
2013580
1787120
1151530
1871510
1012330
1699380
1736740
1900490
1994850
2011310
2072130
2141230
1935910
2136380
1967450
1761900
1767840
1818230
1368030
1995890
1591150
1715350
1835020
1549440
1933890
1949050
1974080
2063050
1947070
1711620
1851680
1928470
2012270
2066270
841190
1925560
1228330
2020480
1177840
1200150
1424290
1426540
1454650
1569170
1596030
1654520
1670070
1688340
1720470
1782860
1789670
1798170
1837440
1845660
1847380
1853890
1885250
1889120
1904400
1908430
1909260
1914530
1920800
1922070
1924350
1930030
1941890
1943690
1946260
1948210
1964780
1983120
1987650
1995070
1997670
2000570
2005390
2018840
2059690
2069090
2119570
2128300
2139710
2151430
2152180
2154000
2195090
2223380
1367300
1849570
1803550
1855500
1269500
1920480
1241710
1671310
1736730
1776170
1880840
1891140
1904650
1920120
2025680
2058530
1887930
2216280
2173900
582330
1949980
2121210
2142540
1210550
1587290
1983430
1903510
1805360
1676380
1136730
1170330
1653770
1690210
1772180
1815970
1882600
1882820
1903080
1972830
1990820
2068200
2083670
2101670
2103940
2135030
2141990
2144360
2149980
2195690
1740150
1962430
2149690
1878070
2026880
2012540
2131350
1070260
1837230
749960
965620
2173700
2234060
1381650
801550
1770400
1776930
2156450
976890
2172510
1306570
1826570
1840150
2218090
1577120
2020520
1786830
802120
1787960
725100
1902020
1828210
1518940
1563950
1684010
2061300
1677090
1883120
1972400
2090170
2161580
2187840
1386620
1671590
1299620
919260
1333800
1246490
1855100
1618050
1918550
1924810
2056880
2091510
1902880
1816300
1309610
1827940
915810
1799930
1839700
1194750
1948920
1961260
1970820
2016410
2071050
2137200
1589680
1792660
1816890
1966910
2005430
1600780
1289990
1714190
925560
995990
1078340
1183010
1470930
1575590
1608710
1639180
1659810
1696900
1698750
1735610
1738540
1787210
1787630
1793340
1799290
1822500
1832030
1841020
1851620
1857160
1869900
1890010
1897680
1901990
1902290
1915010
1919920
1926490
1932470
1937550
1938690
1949420
1957880
1969320
1970730
1980520
1984490
1986980
1997010
2008560
2012630
2016640
2061460
2063560
2063580
2065180
2069030
2069500
2077990
2079020
2087480
2116950
2128020
2134120
2146230
2146520
2146600
2150090
2152070
2158190
2167850
2178970
2185890
2185900
2188220
2192910
2200240
2200250
2200770
2210750
2222860
1449850
1286680
1602080
1489590
1976490
1259580
1289750
1348750
1492650
1620850
1724160
1744450
1795410
1807330
1816560
1836280
1856020
1863420
1904590
1943280
2018530
2056110
2091930
2128440
1571460
1796080
1835530
1958600
1608450
1374970
1815010
1448990
2116520
1729700
1967320
2109380
678390
1965390
2110110
1132910
1892370
1874770
1814930
1928510
1966700
1592190
1868000
1938990
1701560
1499690
1571090
1690990
1860370
1863920
1906130
1960330
2007470
2057110
2139350
2161120
2242320
1773180
1443100
1536730
1814060
1844170
1881690
1937180
1977890
1097350
1578160
1751800
1794530
2059280
1356040
1882160
2150510
1577250
2085130
1587540
1547380
1990900
1966070
1664410
1543090
1890740
1220140
1273440
1358710
2154820
1891090
1973080
1523510
1803400
1851570
1927380
1969280
1476680
1823570
1839440
1913780
1856090
2199240
1894320
2067590
1134520
1904040
2069640
2015080
1873440
2123140
932530
984600
1053390
1482970
1554050
1579300
1591050
1728700
1767950
1837630
1850420
1854740
1898990
1923480
1944730
1981860
2062100
2065110
2071770
2126210
2135190
2141720
2147890
937380
1939270
1862030
2090230
597060
1228320
1345120
1461960
1622470
1779130
1876150
1904560
1914020
1921390
1961250
1999700
2084520
1958390
1271100
894960
1090680
1253650
1285100
1446370
1534630
1536890
1547620
1565450
1580460
1623310
1707120
1709240
1714020
1721150
1776600
1803020
1816690
1817020
1820030
1826540
1837160
1844680
1849210
1849270
1849800
1868520
1871230
1877580
1881010
1886480
1887360
1895640
1902350
1908150
1916090
1920420
1926810
1935160
1939040
1945800
1946650
1948740
1951140
1957220
1967390
1971560
1977190
1986470
1990730
2004810
2013030
2013150
2020570
2051540
2062330
2063370
2064370
2069710
2075170
2085320
2090500
2105940
2107710
2111410
2128310
2133300
2140000
2146320
2146680
2148740
2156290
2163790
2172120
2173890
2175530
2190250
2198650
2198740
2207030
958930
1319400
1491090
1618330
1879750
1891350
1896810
1909020
1983010
2053250
2081420
2114670
2167770
1973320
1907140
943370
1153210
690370
2098130
1612780
1508400
1924150
2025520
1571890
2115650
2181990
1664360
2090150
1842480
2122170
1461810
1488560
1889620
2183600
2124420
698670
1611420
1220170
1576000
1705220
1807200
1315610
1412850
1715980
1876000
1323470
2091220
2012100
2180740
1608090
1726120
1949370
1831870
1966500
1287530
2242100
1559680
1164250
1910130
1978800
2198800
1933970
2020510
1222210
1889930
1788110
843020
1318280
1628890
1800920
1869690
1893050
1914050
1917860
1936210
2105130
2150950
2237690
2069900
1948450
1673630
1332450
1925760
1551540
1567400
2175390
1922060
1266630
781180
1848590
2194610
1433570
1085070
1297270
1491780
1610890
1628850
1645780
1677890
1702220
1752810
1755530
1768730
1793300
1815400
1816710
1818780
1851120
1869880
1874010
1881160
1900300
1918250
1924820
1932330
1949780
1967950
1987450
2023440
2082260
2084620
2114240
2116000
2177150
2181000
2181710
2183470
2206690
2244550
1891640
2009350
2070830
1218580
1218640
1309760
1383280
1728690
1736980
1779070
1839420
1841720
1881270
1888130
1895950
1907230
1922550
1973630
2074310
2100790
2100810
2145550
2208070
2243950
2113570
1933050
1128960
1393460
1516330
1838820
1844650
1697880
1945760
1738990
514130
1626530
1836420
1887010
1672670
1392650
1689730
970500
1266700
1643850
1488810
1856930
1983940
1621560
1155870
1550650
1805310
1874260
313120
1838140
1895660
2177800
2197050
1274230
1425630
1677580
1679830
1803590
2226440
2133670
1301840
1316460
1429820
1553400
1555920
1598190
1617280
1632930
1655800
1722110
1745040
1769160
1801670
1836740
1839050
1840780
1841080
1843050
1853090
1863520
1865280
1880960
1890280
1898570
1910490
1914770
1916690
1926360
1928390
1929460
1936940
1937260
1938360
1949810
1954100
1961490
1962600
1977460
1979850
1980260
1992980
1995180
2002540
2009840
2018140
2020950
2026460
2051990
2063700
2065100
2065530
2076200
2077020
2078820
2080340
2083450
2091890
2100730
2101440
2101990
2112140
2115510
2117410
2125580
2134060
2134650
2137350
2141600
2142100
2145080
2148280
2149270
2150370
2156970
2165340
2165600
2170160
2171530
2179030
2187060
2188180
2191310
2195530
2196210
2215780
2226110
2236490
2244620
1321450
812380
1981980
1914580
2135580
1569700
1373260
2019950
1883200
1450800
1582180
1827690
1269370
1529710
1155580
1778270
1969130
1480960
1710580
1584690
2200380
1904580
1914940
1919100
1926800
2011550
2085510
2123290
2152410
2232290
1492070
2246300
1085790
1523170
1687710
1745710
1844260
1844270
1889770
1905900
2071240
2128350
2200760
1110890
2141730
2176190
1892790
1710670
1892030
1796200
1547860
2178010
1281190
1536520
1770230
918780
1283550
1553080
1565090
1771400
1825690
1838400
1839360
1850230
1853920
1863980
1872330
1898860
1918790
1935790
1937570
1970010
1973130
2010690
2011730
2134640
2135970
2174160
2175450
2183660
2203680
2209470
858630
1976230
1346460
1825480
2101800
1980890
900040
1451090
1315210
1460550
2211090
1608700
1802420
1457630
1136380
1912340
736820
1781960
1806960
1815000
1915660
1963010
1965840
1974310
2095140
2139540
2180710
1948800
1649730
611300
1535780
2103640
1671510
1070840
1804170
1454730
1137040
1816650
1880160
1913680
2178590
2185190
1849900
1963660
2113770
1477950
1818450
1914750
2101600
2149430
1595290
2103070
1820940
1787320
1817380
2207020
1702740
1835970
1663250
1970300
1283400
1894790
1120320
2012610
860000
1279310
1680020
1740630
1798640
1807540
1813100
1822230
1834580
1844280
1855130
1871590
1892410
1913200
1944780
1957100
1997300
2004980
2005630
2020080
2100230
2176150
2068710
1638300
1852830
1959960
1612770
1410980
1962450
1589490
2151600
1142710
1265920
931950
587520
2014780
1910780
640340
1539620
2183240
1481210
1776650
1867580
1920320
2009950
2073410
2166610
2218980
547670
870590
893910
1000750
1083460
1141330
1165500
1289480
1330690
1343230
1446540
1460480
1518020
1585640
1598540
1634410
1654710
1668990
1677080
1680890
1702190
1711680
1727860
1732310
1754300
1767160
1781380
1787190
1789500
1796920
1797140
1797590
1798690
1806860
1815030
1820380
1831550
1838070
1842910
1851410
1868080
1870190
1874060
1888440
1893100
1895040
1906860
1917170
1917660
1923380
1923730
1924730
1927410
1929450
1931370
1932700
1935830
1945970
1947670
1947930
1952030
1952550
1960570
1962930
1964620
1968810
1969420
1969910
1973090
1986440
1988320
1992840
1994270
1998200
1998420
2000070
2002700
2003420
2006360
2006770
2007000
2013720
2052290
2055490
2055720
2057980
2058430
2064380
2069960
2076430
2083360
2083920
2084100
2084410
2089510
2091910
2092520
2096560
2096960
2099400
2100090
2101690
2104110
2111540
2112550
2119000
2125100
2127550
2128930
2134940
2140870
2143620
2148080
2153050
2158050
2159050
2159720
2160500
2161330
2166630
2172410
2173680
2173880
2177540
2182840
2190190
2199830
2211790
2240430
1924480
2069310
2009340
2075420
1894680
1772720
1895410
2086060
2086540
1065310
1204320
1431430
1920450
2027310
2057000
2060240
2093100
2126420
2155680
2172420
2180680
2013360
1841250
1288920
1680650
1844300
2023880
2091640
570110
1213910
1247580
1466100
1526680
1571660
1578110
1631900
1633140
1651030
1704310
1713260
1745990
1808250
1851060
1856040
1867670
1869560
1891930
1913230
1915800
1918400
1920010
1923180
1933510
1949440
1954050
1987470
1995460
1997230
2023670
2063960
2070540
2078530
2079500
2086810
2090160
2090450
2121480
2125360
2126310
2139680
2189910
2205160
2213600
2222170
2234030
2235350
2244840
1841200
2078120
1209950
1644490
2113180
1492360
2010960
1838340
1036660
1974090
1105130
1650810
1936230
1908250
2060080
1833040
1877160
1473250
1846330
2009470
1782330
1297490
1303010
1630420
1784630
1961370
1324340
1193090
1528020
1251930
1810980
1770210
1880980
2077720
2142470
1367460
1680670
1713140
1715370
1877800
1878840
1928940
1937110
1959880
2003750
2012520
2081860
2094620
2137920
1661920
1848120
2056970
2084720
2194160
1562870
1925730
2093380
2155310
338820
1528010
1766580
1795010
1925100
1994720
2080560
2147370
1666170
1666970
1671330
1683690
1712890
1751270
1901970
1964470
1977910
1990980
2016580
2092410
2133360
2119110
1915550
1970160
2242590
1781750
1039360
1418360
1931950
1288320
790710
1551570
1604280
2013670
1831260
1894600
2067000
1580520
585020
2203730
760160
1293730
1113120
2057970
1191620
1814570
1821870
1887000
1964220
1444150
2131200
2164200
814730
1034170
1078360
1311710
1344210
1510280
1519820
1608310
1609580
1614990
1679170
1684750
1725880
1734230
1748160
1756840
1777120
1823670
1826410
1827740
1849230
1853810
1855020
1863250
1873270
1880020
1889790
1910360
1918440
1922210
1923170
1926240
1931980
1950020
1960710
1968950
1979700
1984070
1994400
1995940
1998380
1999090
2006700
2011160
2018240
2054150
2058130
2058260
2067930
2077950
2114180
2121370
2124660
2129720
2132160
2139800
2159890
2164610
2202890
2217450
2231740
2154890
1863020
1872040
1938330
1991480
2149790
1621490
1631240
2057710
1937160
2066110
611500
2105980
1653180
1770490
1862530
1884390
1902830
1904050
1911600
1949300
2061710
2004320
1623210
1198850
1491460
1871620
1892620
1508280
1622920
1743570
2124670
1466350
1631140
1677400
1725350
1820560
1833820
1833850
1861780
1874200
1910610
2001690
2054620
2062910
2078810
2093290
2098950
2142030
2191620
1004620
1906640
1174270
1348760
1609220
1623440
1711480
1745210
1745280
1826450
1869890
1885660
1891210
1968570
2001460
2004430
2054810
2068360
2125400
2253290
1825880
2021220
1523260
981060
1049640
1253010
1337840
1362480
1395920
1417590
1439310
1504320
1520880
1528330
1540650
1547790
1560970
1572140
1582070
1594290
1599700
1603970
1618510
1618580
1622010
1622360
1641250
1642970
1673580
1679330
1679880
1704640
1705130
1707410
1712110
1720780
1740380
1742600
1743220
1782960
1786780
1788910
1798720
1804710
1809900
1811870
1813910
1824160
1827460
1836770
1843980
1854270
1856110
1857780
1857980
1858580
1861310
1863630
1867110
1867930
1869280
1871700
1876240
1876530
1877790
1878850
1879200
1879970
1880690
1881710
1882330
1883670
1885480
1886270
1887420
1891010
1896020
1896930
1897970
1900230
1909880
1910590
1912980
1915170
1918710
1919310
1919530
1923470
1924380
1924460
1925700
1927020
1928450
1931870
1936740
1942510
1942890
1944710
1945010
1947120
1947990
1951680
1952560
1969620
1971750
1977440
1983850
1985630
1986930
1988890
1991010
1992930
2002250
2005070
2008110
2008350
2013880
2014610
2024840
2051450
2053990
2054060
2061540
2061980
2071980
2073960
2074190
2074530
2089170
2090220
2091830
2094480
2103690
2113290
2120680
2123390
2127810
2132190
2149580
2149880
2152030
2152420
2161410
2164580
2173750
2177700
2182130
2183920
2189930
2191320
2192530
2199760
2213460
2216320
2218720
2218840
2237720
1830620
1980350
1897740
707030
2116920
508550
588930
1304510
1717510
1733840
1755740
1965580
1298480
1745400
1953780
1733680
1997190
1122700
2168590
2026990
1807460
2151820
976930
1379960
1811940
1830210
2099030
2105690
727570
670260
2184610
1739610
438460
2009460
1520380
1582500
1609010
911430
1854130
2016080
1264790
1427620
1526350
1862710
1935580
2114430
1255630
1290750
1901780
1872680
1048370
1138650
2160150
1047950
1899400
1943030
1969830
2074710
1541220
1729410
919360
594220
1787920
1933320
640700
1315660
1654680
1725860
1835510
1880250
1914100
1933070
1971730
2075390
2103190
2114660
2156070
2170890
2171830
1857140
727930
1992370
602240
1508000
1520310
1633640
1727140
1728430
1743930
1758320
1790330
1841760
1844990
1851450
1853080
1860590
1897460
1904640
1906110
1906870
1911530
1914980
1916150
1916940
1922140
1924020
1925600
1925930
1936140
1943810
1950820
1959940
1995210
2004940
2013970
2026750
2064970
2087350
2090040
2091230
2092070
2104780
2111390
2113150
2115400
2137620
2158710
2159230
2160320
2165370
2167840
2167900
2168000
2201420
2208770
2210760
1563180
1660860
2071520
1670700
1726410
1736850
1773330
1823980
1825350
1830980
1839340
1839350
1841070
1856550
1868310
1880720
1885160
1887260
1887990
1914000
1953020
1978750
1989150
2012340
2107290
2153610
2207060
2239340
1545830
1953510
1463830
1840130
1901030
1969430
2004370
2017700
2182450
1291210
1122360
1618020
1708520
1945220
1856910
2124770
346330
1432910
1912760
1870320
2148760
2211190
2011860
1259440
1875310
951570
1761260
2020630
1997900
1591450
1115610
1493160
1604210
1779790
1954880
1975160
1977360
2066490
2129390
2172470
1599340
1797300
1470420
1651090
1509780
1854800
1884540
1094920
1185490
1828100
2064650
1307710
1592780
1956740
1788540
1094960
1132760
1325890
1076120
1488430
1521070
1791120
1485070
1849380
1071140
1355620
1579780
1745520
1750170
1867290
1887630
1903480
1916340
2093270
2237940
1628130
1516680
1998250
2009730
2157070
1597290
2018130
2062940
1739600
1666250
1132980
2085490
1257280
935400
1272010
1165470
1602880
1958270
1265800
1915340
1760340
2129970
1989560
1803960
2083560
838070
938710
952000
1002590
1047320
1107860
1283690
1305640
1366070
1397830
1408930
1486300
1488070
1497290
1514730
1535420
1566350
1572170
1582730
1599930
1604600
1649480
1678510
1681990
1682320
1686860
1697060
1699980
1700860
1704250
1721240
1727400
1741480
1763160
1778520
1780430
1785100
1787040
1789050
1796930
1810450
1810530
1815800
1823020
1824110
1828770
1833530
1850610
1860710
1862100
1862250
1863940
1865160
1867050
1867820
1870020
1878000
1879690
1884350
1884440
1891840
1895240
1896630
1912330
1915220
1918080
1918100
1920810
1921450
1921460
1923290
1923420
1926660
1927370
1928330
1928850
1932480
1933060
1953530
1953800
1953870
1955410
1955980
1956310
1956820
1958950
1964980
1965680
1967840
1971930
1974010
1983780
1986430
1987050
1987810
1991630
1995320
1996570
1997740
2000220
2001680
2005710
2006310
2007920
2011330
2012020
2020210
2022680
2026170
2055370
2056570
2059600
2064000
2064090
2064500
2065560
2065990
2066530
2069480
2084510
2085860
2086270
2088930
2091680
2091880
2095100
2098370
2099120
2100940
2104850
2112270
2121630
2125340
2126700
2128140
2128570
2128770
2130440
2131620
2134540
2135890
2137000
2144120
2149530
2154630
2155720
2159060
2159350
2166420
2175080
2177550
2177720
2178780
2181230
2183080
2195630
2200270
2216980
2221260
2222870
2222890
2225080
2227490
2231080
2237010
1167100
556640
2069990
1152940
1668780
1712750
1798600
1873830
1917710
2230080
1854810
1589770
594030
869260
1066680
1407300
1523790
1662090
1818880
1849430
1877930
1901560
1906150
1917390
1924310
1950770
1957680
1972360
1987160
1998260
2050960
2058970
2066960
2068460
2080480
2081490
2093300
2093640
2134300
2206450
2215220
1336980
2008410
2086970
1891440
2013650
1543730
1706920
1710840
1839960
1915240
1970540
2004390
2101630
1399750
1709400
1097210
1755870
1491000
1693250
964440
864700
1791680
2241570
1385500
1443850
1481840
1485010
1487900
1492430
1556930
1600470
1718860
1766340
1768810
1788560
1813550
1833840
1844540
1847460
1848470
1879540
1894510
1896660
1899270
1909150
1920270
1927570
1937970
1946620
1949850
1961840
1963000
1983180
2009420
2013330
2055730
2057370
2068370
2085910
2087390
2092660
2093860
2102940
2104530
2106340
2142110
2151410
2152350
2165650
2170090
2175510
2186940
2196140
2208000
1875280
1696670
325210
1879820
1889520
1943850
1662230
1822900
2092260
1890590
1962540
1988990
2051100
2057310
2065630
1013220
1802860
1900020
1803580
1485140
1851390
1745430
1871830
1499700
1825160
2073900
1943240
1952160
2151700
2146790
1245920
1578880
1698690
1700690
1846290
1863700
1872470
1877920
1934700
1995090
2010540
2017020
2078360
2085460
2109610
2159920
2192650
1902790
1941740
2019920
2082730
1623070
1131240
1551520
2009300
1374930
1464380
1831980
1914570
2159780
1575640
1884430
1797490
1833380
1581170
1947660
1877370
1342070
1916420
2106450
1455120
1937620
1842220
1775860
1783190
1896650
2050530
2076030
721700
1314000
1868410
1491710
1761220
1647440
1426490
1558930
1358490
1792890
1828220
1843860
1936490
1956400
1204330
1783740
1814850
1816050
1860530
1883050
1908650
1913360
1915160
1946150
1949280
1968600
1993830
2007050
2017630
2027390
2050480
2065510
2111400
2120410
2172190
2174930
2192850
2203620
1330660
1368850
1448610
1683000
2194670
2083840
1731460
1366810
1267070
1565680
2138280
1508630
1619330
1930600
1968540
2196240
1331420
1381070
1673940
1551620
1845420
1506440
1909860
2099010
1134100
1321680
1174380
816850
1258800
1549220
1848310
1862070
1873800
1906250
1917410
1994630
2074810
2099150
2102810
2139550
2143150
2183200
2230210
1631210
1893800
1716170
1031120
1847600
1827950
1837130
1184560
2209910
1647770
1945030
1380520
1596170
1870440
1879620
1931750
1982750
2023160
2054680
2106720
2144560
2159870
2180310
618420
1251250
1349670
1442750
1481600
1652120
1697760
1794600
1799710
1800360
1804720
1825900
1840860
1855220
1867350
1868050
1868060
1873780
1875980
1888750
1900480
1913550
1913940
1923900
1926560
1938040
1957150
1974400
1982180
1989820
2001910
2002200
2002520
2023610
2026340
2027130
2053050
2066220
2068560
2072230
2079890
2081360
2085600
2092680
2095800
2099000
2101480
2108730
2114710
2119420
2132930
2136210
2137790
2138230
2146040
2171930
2175490
2179660
2184100
2192220
2195670
2210980
2218850
2220320
2220350
2234920
2082540
1401560
2050560
1599860
1920790
1662140
1853820
1095040
1986780
1338220
1406700
1732800
1779720
1783370
1945560
1963080
1654970
1947940
2020500
1897820
2085790
2156260
616680
1514610
1813320
1897490
1978790
1992120
2106170
1365600
1507790
1773560
1793800
1886450
1928710
2064320
1456230
1903060
1924680
1370050
1552220
1681970
2087000
546120
684350
703910
858070
1185290
1270280
1273740
1285960
1297340
1351180
1400610
1406490
1459760
1471600
1488110
1492190
1500280
1506010
1533410
1535240
1550430
1559930
1575750
1590010
1611860
1615870
1624560
1624960
1626950
1631170
1633300
1665650
1672610
1676560
1683870
1685940
1686640
1688980
1693300
1693420
1703500
1704490
1704630
1716830
1727440
1729100
1730450
1735060
1742240
1754750
1760660
1765600
1770190
1772260
1794930
1796450
1803570
1815820
1819960
1820700
1822300
1823100
1828030
1829960
1831150
1831190
1836790
1838100
1845030
1846270
1850100
1853120
1857220
1857570
1858920
1862260
1866890
1867550
1869990
1870710
1871490
1876050
1876910
1877830
1879910
1884160
1885530
1892210
1892240
1892290
1892670
1895650
1896510
1897420
1901010
1901180
1902040
1903420
1905310
1909080
1910740
1911050
1913160
1918410
1923650
1925330
1926160
1927050
1934420
1935240
1936480
1937510
1942000
1942920
1943360
1944560
1946980
1947110
1948960
1949670
1950240
1958350
1963120
1964760
1965020
1965640
1967330
1970770
1973240
1973260
1975890
1976240
1977270
1979220
1979470
1981740
1983650
1986370
1988570
1989360
1989780
1997910
2001220
2002430
2010740
2011080
2014980
2019710
2021540
2027420
2053750
2056160
2056370
2056410
2056910
2057820
2058420
2061270
2062160
2062630
2063010
2063930
2065610
2067220
2069800
2073370
2074500
2075590
2075820
2077100
2078540
2078640
2080510
2086130
2094340
2094780
2099430
2100250
2104060
2104340
2105400
2109660
2110240
2113440
2114980
2119390
2120240
2121130
2121350
2123350
2124460
2125930
2126600
2127750
2128560
2128760
2131670
2131920
2132510
2133350
2134440
2136130
2136810
2136860
2138930
2139730
2142430
2145740
2148730
2149000
2155220
2155460
2162210
2163680
2165120
2167660
2169100
2169620
2173530
2176020
2177680
2178800
2179060
2179100
2179560
2180830
2181730
2182960
2183860
2191230
2192730
2195050
2196050
2199450
2209800
2217060
2221540
2225290
2225460
2226940
2240410
2240440
2242500
1694600
1482820
1835200
1748050
600610
896440
1902150
1918030
1945590
2107280
2108290
2138150
683770
1332150
2113660
2024300
1639210
1613470
2089520
1219500
1394030
1681110
1708820
1757440
1757920
1846480
1850790
1858120
1862500
1886010
1910420
1916920
1919240
1932890
1935410
1951750
1963450
1970750
1992260
1995420
2002380
2018350
2091240
2109160
2110070
2114990
2154990
2176180
2189370
2242980
2245840
1980980
483850
1958810
1967620
1510070
1768300
1867280
1201830
1648470
2228830
1826960
1527630
2212390
1879190
2060000
1859760
1878210
1883820
2000180
1475850
2057770
638850
1509650
2089110
425260
1119480
1494280
1651280
1812340
1831720
1863570
1872500
1910020
1922360
1995040
2006170
2013770
2061720
2073420
2083010
2114390
2116750
2196120
2203690
2207110
2055220
1767740
1875560
2104320
2119530
2130510
2173380
2210670
1382190
2093910
1093840
1382920
1785320
1875670
1909320
1970560
2019270
2027170
679830
984790
1243560
1693480
1795390
1907570
1912490
1923630
1941310
1989180
2059650
2063970
2098820
715400
1416050
1503820
1327920
2130590
1886120
1905940
2058240
1991860
824000
1925210
1912170
1196300
1865220
1898680
2171270
1742470
1514380
1998170
2190390
674090
1758520
1465610
1913330
1922180
1938200
2004880
2139560
1654130
1793350
1725680
1828740
1995600
1997880
2012910
2094640
2181440
1489470
418000
1973970
1941510
2064150
1937220
1515320
341570
1873130
1904330
2080100
1957910
1615740
1948290
1520760
1295700
1607720
1612900
1705610
1738670
1776080
1788390
1791510
1802920
1810340
1815170
1815750
1819580
1841900
1852490
1856840
1857840
1862240
1864180
1866310
1870970
1888490
1897140
1903100
1914270
1914470
1930060
1937140
1944500
1944940
1945000
1953960
1955820
1956280
1957080
1961740
1962170
1969140
1985350
1992110
2011640
2021690
2051250
2076390
2084040
2089460
2097550
2114680
2119160
2120750
2124210
2129540
2129910
2168090
2173180
2243550
1778960
1592110
1690710
679110
1358840
1746620
1842380
1851320
1852840
1880930
1945780
1952970
1965970
2183500
1405260
1943610
1778320
1965370
1962530
1995240
2230590
1268810
1940310
2163060
1413980
1992580
539190
1050160
1464100
1663860
1729600
1853390
1854120
1854290
1861940
1901380
1908500
1960950
2013080
2013680
2057070
2100780
1307690
1050130
1695150
1737330
1840770
1841710
1855610
1858780
1909090
1926730
1941400
1956630
1990810
2009770
2017640
2018270
2020870
2103350
2117090
2152690
2159880
2185470
2199570
2206680
2207040
645200
1018640
1584860
1597780
1622560
1633010
1701950
1836180
1871430
1878350
1892680
1894240
1916860
1920410
1920940
1922200
1927560
1935430
1942380
1949180
1949480
1960870
1995050
2051020
2069550
2076240
2092180
2107740
2113030
2115050
2152050
2183480
539320
1663440
1725360
1731360
2025780
1867810
2018490
1380220
1976440
1702260
2205190
1857540
1906950
1692250
1943760
2149070
1149290
1913320
2164320
2175700
1795020
1701740
1826980
1502190
1732920
1755300
1342120
1550740
1525190
1494260
1774770
1940910
2000540
308080
1454160
724330
1964000
1251040
1558840
1873570
2122360
2217100
1507570
1732070
1846030
1635550
2112200
1101580
2176790
1969100
947940
1503790
1004370
1363210
1845280
1565890
1172190
1860600
1078370
2183230
1742590
1230000
1588700
1631250
1771780
1818960
1867590
1894760
1981250
1998660
1641670
1965410
1986790
2054340
2072930
1542140
2217730
700820
1772480
1945230
1496790
1500940
1778280
1544890
1972970
2052170
2077180
980210
1804500
2006390
1856750
2211640
1775270
1148100
1798910
1879790
1907070
1932350
2064110
2075250
2086390
2118570
2125250
2191460
2203650
1294880
1621980
1695260
1916960
2011230
2130940
1295900
1168870
1411380
1531540
1319850
1460650
1661900
1594010
662170
707950
723720
929630
1127120
1196030
1257620
1297030
1299880
1305250
1376150
1379610
1393560
1434040
1443600
1464840
1479850
1485980
1507080
1556740
1560100
1574060
1574420
1574510
1577570
1584950
1594610
1595900
1600690
1613530
1625330
1636990
1652520
1652600
1658390
1678340
1697540
1699880
1704540
1710690
1712590
1716860
1730170
1731340
1739910
1757170
1758930
1763350
1767150
1772620
1772800
1773360
1781590
1787450
1787690
1790710
1793680
1797380
1800340
1803510
1805720
1809380
1819290
1821170
1823430
1828040
1831580
1832110
1832260
1833930
1836900
1837000
1838030
1840580
1843190
1843780
1844560
1845460
1845480
1848680
1852060
1853150
1853650
1854900
1855150
1855160
1855690
1858400
1859800
1861390
1862730
1866780
1868600
1868980
1871920
1872920
1874530
1875850
1880770
1881840
1882830
1885080
1885880
1888200
1888270
1890690
1890820
1892890
1893950
1893980
1895280
1896720
1897400
1900520
1901830
1903130
1903310
1903690
1906750
1909170
1909560
1910890
1911090
1911420
1912560
1913220
1914950
1915700
1917950
1917970
1918340
1918470
1920460
1920950
1921510
1922120
1927220
1929270
1931200
1934650
1935130
1936600
1937460
1942580
1943450
1944700
1946460
1948680
1948780
1950000
1951910
1954440
1954670
1955100
1957940
1958040
1961930
1964440
1965490
1965670
1966610
1966940
1968270
1970210
1970850
1972160
1973680
1977840
1978970
1980000
1982640
1983020
1983060
1983100
1983540
1984220
1987040
1991340
1992500
1993110
1993510
1994430
1995220
1995230
1998320
1999430
1999910
2003600
2004340
2005490
2006840
2007240
2007410
2008850
2011190
2016210
2016470
2025000
2025440
2025970
2026510
2027540
2050870
2051530
2054760
2060450
2063290
2063890
2068690
2069160
2070400
2071800
2072190
2072680
2072690
2073010
2075230
2077070
2078610
2079280
2079400
2079530
2080380
2082290
2084270
2088600
2091190
2091280
2091530
2091750
2093110
2098210
2102880
2103630
2110320
2110440
2112500
2113170
2113250
2114190
2114520
2117170
2117190
2117790
2120910
2124900
2127720
2128030
2128360
2129140
2129410
2130980
2132460
2134280
2134430
2136450
2140180
2142810
2144670
2145830
2146730
2148990
2150530
2151150
2151660
2151910
2152060
2153290
2154350
2155710
2158290
2158620
2159280
2160560
2162050
2162150
2162220
2163560
2166990
2169420
2174710
2174780
2175040
2175120
2175170
2178550
2178820
2183380
2183790
2183800
2184180
2184490
2186500
2189750
2191370
2193170
2193670
2196280
2196410
2196930
2204450
2205270
2205510
2207610
2208820
2209710
2218630
2219830
2226350
2226960
2228320
2233320
2234100
2238350
2242890
2248570
1958130
1324410
1948100
1926690
1595280
1668170
1755680
1975340
1174680
1649860
1691620
1729290
1756320
1763990
1819660
1842410
1891940
1917740
1925230
1951560
1977900
1986620
1987030
1997920
2003270
2007010
2056400
2117120
2150180
2186490
2202510
2204970
2206580
2208320
2220810
1621760
1175320
1664430
1685510
1847110
1916450
1950070
2194510
1732090
1808460
1967750
1608040
2179630
1546280
1733880
1360850
1413580
1661360
1905700
2068350
1954930
1966170
2020540
1352470
1527460
1532080
1698280
1822130
1832620
1835040
1843920
1849300
1877970
1896840
1897810
1902820
1914190
1914200
1919060
1926190
1942450
1978290
1987570
1990910
1994520
1997560
2004870
2005640
2005780
2016230
2023070
2055790
2057830
2083540
2090630
2100300
2114830
2119730
2123050
2138400
2139310
2152080
2181480
2189620
2201390
2204940
1995590
1489970
2217550
1645270
1891430
1897250
2215180
1872760
776660
1239800
1473760
1521160
1727100
1771620
1840380
1843710
1848080
1952490
2016510
2064950
2073970
2114500
2148700
2203610
2059760
1457660
1953520
671990
924530
943590
1263720
1304160
1339140
1342900
1362120
1380690
1455140
1458370
1531190
1583080
1646810
1667440
1686670
1698810
1701760
1703090
1767730
1778910
1788880
1790870
1794210
1796100
1804870
1816900
1817260
1824380
1827700
1831160
1833730
1851790
1852870
1854540
1854830
1856850
1856860
1861700
1862790
1865700
1876340
1877300
1878670
1881850
1882930
1883990
1894450
1895760
1899200
1905420
1923360
1925500
1926180
1927950
1928590
1943980
1944440
1944600
1963180
1964940
1972460
1978350
1981000
1982730
1986170
1993900
1996780
1996800
1997270
2001870
2015610
2056320
2057850
2063340
2065520
2066660
2077050
2077120
2079960
2083060
2089000
2093650
2096480
2097090
2099040
2099350
2100460
2102000
2105020
2106530
2114070
2123020
2123110
2123320
2125880
2127660
2127700
2129000
2133950
2134330
2138140
2139500
2142610
2153390
2161900
2173620
2181110
2183770
2184380
2184640
2188910
2191920
2196680
2197830
2205740
2220850
2222310
2242610
1830780
1909230
1651950
2024860
2055270
2210710
1784550
2000360
2124870
2167750
2180750
1641890
1636660
1864080
2158860
1457620
2190590
1873540
1975320
1766160
1570070
1976980
1815440
1177970
1934990
1946300
871940
554710
743670
1419070
1814670
1869220
1819860
1851640
1874780
1936200
1983670
1999680
2007700
2015260
2064120
2077910
2085500
2148690
2185730
1226510
1637230
2088380
767490
1662570
1704550
1736450
1374170
1849190
1920650
1965060
2001150
1231840
1653850
1684440
1780850
1805390
2142860
2203700
1747300
1901300
2192720
1440010
1776380
2138580
529340
1635450
1728840
1027810
1806610
580640
1590160
1819180
1875750
1347760
1370370
1682200
1982150
1860120
1955690
2006470
1966780
1234240
1988830
1496150
1632670
2206460
618000
1264050
1404960
1725470
1765280
1858980
1881670
1919910
1926470
1926890
1941170
1943230
1945670
1945750
1967360
1970530
1970700
1971790
1977050
1978090
2002140
2010600
2018260
2051830
2063240
2069410
2069580
2111420
2133370
2143160
2155760
2171420
2183460
2232660
2235800
1428710
619390
1252400
1848890
700360
1008700
1848570
1874680
1921130
1945790
1990790
2058060
2207070
2247680
1207320
1812420
2180530
1696080
1876830
743380
1913970
1998030
1823380
1978610
1588010
2211280
1857370
2221940
1717020
1869710
1750110
1691270
1889130
2008480
2132070
917940
1698000
1820320
1904160
1942530
1716940
1498140
1899710
1105590
1933450
2050510
1058650
1794490
1903540
1921140
1962030
2000480
2080070
2112160
2152100
1294660
1898210
1093320
2185920
1455300
1563800
1899430
1945310
2110700
1125890
675110
1237890
1449570
1461140
1491950
1563960
1596010
1852530
1853190
1881250
1885140
1885980
1910330
1911590
1925170
1928810
1949750
1987150
2005240
2018340
2018500
2052730
2053950
2059060
2071510
2087180
2091850
2117360
2128040
2139690
2145960
2168830
2182420
2193410
1926870
1520710
1552210
1808260
1897960
1924440
1981590
2020460
2095600
2102500
2108760
2120950
2163460
2187270
2203430
2206720
2232130
2059790
1582680
1777620
1738520
2099770
1414650
976230
1759640
1860700
1982230
2080570
1904190
1962980
1934850
674690
1599410
1412820
1800690
1748660
1951050
2194410
1362560
1984720
1802590
1160920
1628620
1913730
1982900
2203660
1673670
1767570
1189730
1643820
1708570
1822640
1866220
1871290
1988600
2013740
1733890
1627630
2075120
1966370
1862660
2078780
2165690
1723530
2154230
1442170
844390
869400
1152690
1277480
1335400
1410660
1444950
1466950
1552490
1574110
1618180
1675760
1692400
1734370
1747680
1751850
1752220
1758390
1760300
1778380
1779630
1787400
1798350
1802690
1807300
1817200
1827720
1831290
1834710
1844340
1849510
1851370
1852000
1863960
1871090
1871780
1875380
1883400
1889670
1889870
1891900
1892340
1896980
1897350
1898970
1899680
1899760
1906000
1909430
1910180
1910720
1914790
1920440
1924550
1954250
1963590
1969840
1981010
1987900
2005350
2010310
2012450
2019650
2027040
2053280
2055740
2056190
2061580
2062150
2071540
2083640
2083700
2086120
2091650
2095010
2095350
2095860
2099420
2099990
2100830
2102410
2109800
2116800
2118690
2123000
2131930
2133040
2137190
2155010
2164280
2165210
2169790
2173870
2177200
2177730
2183940
2201450
2201680
2216030
2221740
2226080
2229020
2231630
2233040
338840
1157960
1908720
1257940
1303050
1687020
1807940
1834000
1855070
1858270
1888620
1890340
1903200
1911450
1922880
1926080
1936250
1946810
1959380
1970740
1986940
1988440
1990570
1997790
2007840
2018220
2019630
2060730
2063950
2065920
2072830
2074440
2094720
2124650
2143280
2147340
2172520
2207120
1986040
2162610
1592320
1638520
1714850
1743820
1886200
1930140
2134630
1200580
1463010
1632750
1810350
1811050
1863470
1874840
1887200
1919070
1939640
1942080
1754860
1986770
2244920
1036890
1975420
1980420
1749200
1592640
1814460
2084090
1812780
366000
1229880
2082170
1497330
2229570
2164080
2067570
1871470
1650610
1963580
1155900
1483540
1730540
1791820
1797510
1817670
1855760
1995110
2003510
2063550
2072950
2182020
2213880
2109320
1755910
1419160
1732340
1814780
362670
1864650
1887960
2117130
1552620
2088340
1832720
2143170
1658870
1743410
1825700
1904860
1804650
611360
1805240
2140700
1852520
1844060
1823190
711820
714520
776880
803940
849340
882860
897560
1252630
1269080
1312420
1325430
1331180
1331310
1335630
1354270
1376030
1415890
1482980
1498790
1509710
1513820
1526190
1535030
1539680
1562780
1564400
1581890
1614030
1620600
1629480
1635630
1636190
1641600
1646880
1666830
1668150
1672360
1678980
1679060
1679800
1687300
1687570
1693160
1693620
1694150
1704620
1707740
1713340
1715490
1716530
1728160
1729340
1734970
1743140
1746010
1746760
1750960
1755110
1768400
1773460
1780620
1784180
1788520
1790780
1791230
1805680
1805960
1808920
1811410
1814090
1817880
1820640
1821000
1821110
1821920
1823260
1829760
1832700
1833350
1834170
1838130
1838860
1842430
1842540
1846390
1847830
1849170
1850340
1853990
1854190
1854340
1854510
1855040
1855480
1857010
1857870
1859680
1860040
1860160
1862280
1863310
1864210
1865230
1865940
1866840
1866960
1866970
1868400
1871010
1871670
1873080
1874420
1874500
1875470
1875710
1876810
1878110
1878310
1881390
1883110
1883230
1884050
1885990
1886440
1887530
1889960
1890810
1893600
1893770
1894550
1898410
1898530
1901050
1901170
1902230
1902730
1904030
1906660
1907640
1907820
1908180
1908220
1908560
1910630
1911640
1912660
1912820
1914240
1917610
1917800
1919850
1921610
1921880
1925340
1926820
1928290
1930100
1930360
1931050
1932430
1934270
1937710
1938220
1939140
1939260
1940790
1943160
1943490
1943820
1944330
1946490
1949330
1949700
1949720
1950250
1950830
1952240
1953920
1954010
1954570
1955260
1955950
1956140
1956180
1956240
1956420
1957480
1959660
1961130
1963760
1964540
1964580
1964990
1965940
1966080
1968520
1968880
1970970
1971690
1972630
1972870
1972990
1973250
1973350
1973360
1973620
1973670
1974110
1976350
1977550
1978890
1979300
1979480
1980600
1982240
1982650
1983450
1986120
1989980
1990670
1991360
1992480
1993480
1993520
1993670
1994510
1996810
1999120
2001000
2002470
2005290
2005790
2006430
2008650
2010200
2010240
2010500
2010870
2013480
2013640
2014180
2014750
2015170
2020270
2020330
2025210
2027180
2050910
2052200
2056480
2058220
2061000
2062480
2062780
2063140
2063230
2063450
2064230
2065090
2066540
2066870
2067140
2069720
2070310
2072550
2073040
2076820
2078210
2083330
2086320
2086580
2087070
2087850
2091080
2091810
2091840
2093540
2094520
2095040
2096180
2097790
2099910
2101330
2105170
2107130
2107920
2108840
2109090
2109530
2109880
2110990
2112990
2114440
2114960
2115020
2115190
2115720
2119380
2119960
2120120
2121770
2122770
2122810
2123530
2123560
2125190
2128610
2128710
2128840
2128990
2129780
2130170
2130500
2131100
2131980
2132900
2133540
2133770
2135780
2137280
2138910
2139030
2141650
2142440
2142930
2143740
2145000
2145480
2146270
2152720
2153000
2154660
2154700
2156280
2157290
2157410
2157440
2161730
2163630
2164070
2166220
2166310
2168820
2169270
2169700
2170580
2172950
2173200
2177450
2177810
2178280
2178310
2179650
2180570
2181450
2181880
2182580
2182870
2185490
2186100
2186130
2186740
2189150
2190080
2190160
2190180
2190280
2190410
2190500
2190760
2191820
2193920
2194950
2196320
2201240
2202400
2203890
2204360
2208990
2211500
2212600
2212660
2212750
2213650
2214480
2215080
2215590
2217540
2220040
2221230
2223550
2224830
2225730
2226930
2227290
2228400
2229670
2233370
2240450
2243000
2246820
2249960
1027650
1498110
1571910
1632590
1708800
1772950
1775770
1822970
1855930
1868850
1914630
1916350
1932100
1947260
1984590
2000040
2016140
2018850
2021170
2122190
2202880
2207080
1862840
1511190
2149840
1342060
1506680
1107340
1377430
1308550
1715550
1265930
1735110
1842810
1980240
1171520
1433000
1495760
1528470
1540700
1624600
1632980
1730310
1761770
1776290
1788930
1827730
1836690
1838680
1840330
1847820
1860500
1882200
1889200
1909650
1918590
1923060
1931890
1964590
1964600
1976000
1986250
2002720
2003730
2005810
2013440
2024870
2050430
2066940
2072040
2084170
2091980
2095430
2098970
2107060
2122130
2141710
2156270
2158700
2159520
2160200
2166200
2207160
2214750
2240700
2242600
2246650
1478590
1580010
1891740
1916100
1929830
1932690
1963950
1999970
2073200
2143140
2228890
1640810
2117420
2059810
2023810
1859520
1828870
1902120
1951840
2027350
2125800
1941000
1997780
1345760
2181060
959860
1943710
1516820
2163190
1659180
1689090
1948240
1482320
1825750
1781140
848010
1915450
1981710
2171100
1298010
2091160
2177210
1063990
1469490
1538380
1552530
1619820
1664580
1681310
1719730
1768530
1794030
1825150
1882590
1896770
1913720
1918890
1927540
1933780
1961750
1978580
1980780
1992890
2009850
2023330
2050460
2074490
2115820
2117960
2148750
2183170
2188380
2207250
2226100
2242820
2025330
1930730
2022780
2181980
1837980
2018990
1371560
1563730
1341210
1630110
1782150
1650550
1707540
1079200
1995800
704020
1288610
1258750
1452280
1710720
1796210
1796380
1800860
1854940
1878450
1880910
1888000
1899290
1929910
1935370
1944280
1989130
2074700
2117140
2193580
2235760
1124260
1879030
1810580
2208920
1919040
1792520
1875360
1896820
1949100
1970520
2006530
2068120
2114790
2206480
2206700
2215820
1280750
1814980
742970
1998040
1787480
1066760
1092050
1598470
1803150
1886150
1922600
1927710
1990550
2004700
2020750
2027570
2105480
2203640
2207050
2224330
1698080
1876980
1906220
1867070
1873430
2196420
2020550
2109850
1097430
2077650
1965920
2147680
1846990
1850390
1936130
1940370
2019220
2229710
1343620
1355440
1933490
2193270
1826160
1840440
2140070
2166290
1012850
1637200
1971100
1975570
1499240
1154830
1834960
1690650
1974220
1794960
1663640
1848130
1810130
1861620
1881140
1850070
1978240
1956830
776150
801950
963720
971530
1481310
1504350
1518870
1572320
1599910
1601080
1636570
1642560
1654360
1660310
1686790
1709290
1734900
1759340
1763180
1799730
1803620
1807240
1812200
1823610
1838900
1846830
1847810
1855380
1855590
1859840
1862010
1862220
1864490
1864710
1873740
1876410
1877760
1879700
1883710
1893590
1896140
1896610
1904220
1906540
1908570
1908640
1911510
1912620
1916480
1920210
1922000
1922150
1929630
1929810
1933020
1933850
1939600
1945160
1948110
1949140
1951300
1952270
1957860
1958230
1963990
1964320
1968110
1974040
1981370
1981700
1982050
1986380
1986990
1990580
1992130
1995030
1995450
2002790
2006560
2008930
2010520
2011030
2013800
2015280
2016610
2018380
2020590
2050150
2061280
2061630
2062300
2062830
2064530
2067950
2079000
2080280
2084030
2087960
2096800
2101260
2103200
2108820
2110890
2113310
2126970
2129230
2132040
2136970
2138480
2149660
2159390
2166540
2167830
2169050
2176200
2177710
2178340
2184970
2186530
2197130
2201130
2220450
2220590
2223920
2230330
2234820
2239860
1756090
1674180
1792820
1828540
1399170
2002560
1779690
2013060
1953560
1729420
1672780
1772810
1942140
1662080
1884570
2050740
2134900
2199360
1648550
2083690
1912630
2095230
1854050
2096790
1610460
1061880
1739880
1787080
1828790
1892770
1913960
1924370
2088630
2194800
1899830
824550
1785680
1848910
1882420
1899790
1968610
2027490
2066170
2082520
656100
667330
865810
1013570
1098000
1211250
1357400
1425830
1475330
1522540
1694360
1824450
1838600
1840060
1845790
1849200
1863370
1882000
1889500
1891040
1891270
1893080
1900690
1908490
1921270
1921340
1926110
1937700
1937900
1955160
1964800
1972890
1973840
1994680
2012420
2057170
2063000
2083730
2107640
2109440
2109650
2111070
2113300
2114020
2116710
2137150
2147580
2150930
2152290
2181350
2182530
2201840
1620040
2111630
2176130
1571160
1905950
1710620
1720540
1743530
1791650
1828700
1838740
1858550
1921850
1939810
1981190
1982430
1994670
2100710
743770
1784570
1927650
2164880
1360720
1595410
1667550
1740530
1805510
1865210
1987440
1988430
1995080
2013990
2053200
2073570
2099370
2104760
2115060
2167860
2205500
1682380
1993120
1730750
1797410
1808620
1848840
1882230
1901900
1935960
1938530
1964140
1964380
2014650
2112360
2121840
2151310
2153280
2157510
2211750
2250180
1813270
422890
1156500
1641300
1832690
1852940
1868820
1916950
1964810
2140410
1506250
1701320
1800650
1867330
1867430
1937600
1991090
2050490
2067970
2094090
2137600
2142780
2209580
1699200
2144270
1734400
1737730
2246290
1671410
1243520
1919590
1693990
1216060
928960
1548680
1963210
720090
670820
1877780
1985660
1836220
1399700
1846380
1606570
1719350
2094850
1170950
1861610
2118580
1882700
1909820
1564450
1860150
1903720
1960800
2086460
1668130
2014930
1644990
474020
1799140
1837280
1945980
1694430
311260
659960
1497640
2172760
868270
1967100
1153830
1666500
1736490
1836290
1839070
2077460
1605430
1122730
1818320
1912880
1926340
2005380
2060760
2091520
1691970
1677190
1912970
2152090
1389020
1749750
1966110
1847990
1938090
1247570
1958240
1956410
576430
1529290
1674320
1734160
1743710
1836940
1879290
1912770
1952400
1959780
2006440
2022020
2177610
1895130
2221920
1983600
1444710
1544020
1892700
1556490
1611130
1641660
1734270
1866570
1872160
1882050
1883680
1889330
1892640
1896920
1917720
1970550
1971820
1998130
2010720
2079810
2190900
2210810
2211870
1393380
1768540
1826660
1874340
2027370
771770
1975460
1851330
437440
1678250
1418630
1947280
1897530
1662060
1353830
1890710
2000980
2108580
2154140
2214250
1015190
1040620
1663990
1684530
1720240
1766750
1824970
1835360
1952950
1988810
1995060
1998760
2004800
2011140
2070560
2079160
2117230
2170760
2172630
2232380
1799380
1021100
1979460
1661280
986040
1122280
1986550
1205970
1866230
1902750
1923720
1969870
1991850
1874660
1916380
1238480
1668650
1788890
1799650
1809300
1842890
1846870
1849530
1849560
1862830
1867400
1867790
1879850
1891560
1927040
1956860
1960970
1977230
2007850
2026440
2052770
2056690
2061680
2072540
2098960
2161840
2179790
2199810
2217590
2230790
1709510
823230
2174620
1831680
2096680
1347080
1839940
1794250
1392560
1828950
1905350
2074320
2203630
2124570
1072190
1609570
1664060
1474740
818010
1180210
1213150
1444780
1579710
1680620
1729190
1759990
1775640
1807960
1823830
1827960
1832760
1852290
1866870
1870280
1921180
1925830
1927400
1941660
1952890
1968300
1978920
1990400
1995700
2001050
2003350
2008870
2012790
2015120
2017600
2017730
2058980
2070120
2077170
2081770
2082900
2095570
2103180
2113990
2114360
2114750
2142530
2145300
2148240
2150820
2154570
2167880
2183210
2187850
2192480
2209130
2211970
2234370
2241760
2014390
779300
1906100
1828320
1994220
1919150
1960170
1175800
1687100
964020
1063020
1655220
1693970
1805700
1998110
1998120
2126250
2138960
1791620
1918700
1851000
1453640
965990
1908320
1976130
2025830
2193870
1417880
1996760
2134620
1543270
1966870
652770
773750
967970
1069080
1097280
1233040
1239030
1315220
1325080
1385180
1386340
1407000
1450290
1481870
1483860
1516560
1573110
1589290
1593920
1603600
1608180
1663030
1680990
1728410
1741490
1751470
1752890
1756900
1758530
1774630
1784160
1788380
1792170
1801950
1803810
1808820
1815110
1816380
1823630
1834950
1837570
1837780
1847500
1848860
1852110
1854790
1862820
1863030
1865590
1873400
1873410
1876180
1877330
1879560
1883480
1884030
1884310
1884480
1886370
1888080
1894570
1900650
1900860
1901730
1910240
1910560
1912900
1928460
1930230
1931440
1932860
1936000
1936300
1939070
1939930
1941700
1942550
1943530
1944300
1950470
1952960
1962650
1963750
1964970
1967400
1967920
1969230
1974510
1981130
2005150
2010930
2011750
2015740
2020420
2020930
2022120
2051880
2055650
2058660
2063110
2064180
2065620
2067700
2067750
2070030
2072620
2073760
2075960
2076920
2077130
2080300
2082650
2083490
2090460
2091350
2099270
2101760
2102220
2104960
2109630
2113320
2113330
2116840
2120830
2134360
2136880
2138380
2151360
2156590
2160460
2162510
2163050
2163430
2166720
2172980
2179470
2188920
2192640
2196300
2196950
2201170
2205090
2205700
2210620
2212200
2214020
2225890
2236230
2240100
1855710
2195340
1403990
1846940
1700630
1358750
2072080
1842360
1854840
1863650
1903490
1906320
1950080
2002510
2007180
2050470
2112010
2159370
2191270
2236730
562530
592640
632130
666170
728720
858600
951990
1044030
1044820
1078460
1094410
1108120
1110460
1118850
1147090
1227930
1236180
1258920
1267560
1301000
1387950
1399030
1399160
1409760
1428570
1429510
1464420
1488000
1488160
1497830
1499710
1505230
1507280
1522570
1526000
1532640
1534000
1553800
1572020
1578380
1579610
1580500
1597750
1602970
1618210
1627030
1633770
1636970
1641820
1647860
1650430
1660580
1661950
1667190
1672110
1673460
1678590
1687460
1703080
1705970
1707630
1710340
1710790
1713750
1713790
1720980
1722580
1723750
1724420
1734310
1734350
1734990
1739420
1740180
1744270
1752050
1752660
1753380
1753690
1756770
1761670
1762100
1763100
1765220
1776860
1781760
1782030
1785270
1786130
1788750
1790740
1796840
1799660
1800010
1800070
1803380
1803720
1810620
1811400
1811520
1820710
1821690
1823330
1829010
1829090
1829250
1830850
1831850
1835290
1836040
1836890
1837400
1837840
1838540
1838650
1838980
1839780
1842190
1845040
1845180
1848640
1848650
1849840
1849880
1850980
1852600
1853660
1853720
1853850
1854110
1854590
1855240
1855340
1855490
1856170
1857040
1857640
1858070
1858260
1859140
1860260
1860440
1862420
1862600
1863010
1865470
1866390
1866670
1867470
1867540
1868220
1868450
1869090
1871160
1871410
1871420
1871450
1871600
1873820
1873880
1876540
1876750
1878660
1880080
1880670
1881460
1882640
1883430
1883440
1884650
1886260
1886320
1887150
1888740
1890000
1890430
1891680
1892450
1893210
1893890
1894210
1895270
1895870
1896530
1897510
1897540
1897980
1897990
1898050
1898550
1899150
1900680
1901740
1903280
1904260
1904310
1906670
1906890
1907290
1909030
1910080
1910250
1912510
1916240
1916540
1916580
1917870
1918110
1918460
1918560
1918670
1922130
1923780
1923920
1924270
1924340
1926330
1926670
1926790
1927160
1928160
1929210
1929550
1929720
1929770
1929820
1931150
1931400
1933230
1933580
1934350
1935630
1936630
1937050
1937360
1938210
1938830
1939690
1941340
1941870
1942370
1942480
1942850
1943070
1943470
1943480
1943510
1944640
1945890
1946280
1948630
1950610
1950620
1950720
1951260
1951700
1953580
1954390
1955700
1956270
1957650
1958530
1959990
1960010
1960100
1960320
1960650
1961410
1964490
1965050
1965520
1967550
1967670
1968530
1969260
1970610
1970670
1971380
1971880
1973230
1973270
1976850
1978200
1978900
1979610
1980500
1980860
1980990
1982660
1983550
1983560
1984030
1984150
1987110
1987490
1987660
1989630
1989650
1990300
1990380
1990620
1991790
1993160
1994540
1995340
1996000
1998540
1998840
2002670
2003690
2004300
2005080
2006120
2009930
2010220
2010790
2012990
2014950
2016290
2016620
2016980
2017330
2017920
2019050
2019770
2021190
2022190
2023350
2023680
2023960
2026140
2026690
2053060
2053110
2053220
2053450
2053890
2054200
2054510
2054670
2056030
2057300
2061140
2062420
2062750
2062800
2063990
2065260
2067150
2067200
2067720
2068220
2068320
2068750
2069540
2069560
2069630
2071340
2072480
2073110
2073280
2073750
2073820
2074130
2074760
2075930
2077210
2077330
2077370
2078160
2078480
2078600
2079240
2080160
2080420
2082440
2083680
2084260
2086090
2087360
2088000
2088420
2088440
2088710
2088720
2090660
2091260
2092010
2094180
2094380
2095870
2095960
2096670
2097200
2097860
2099060
2099180
2099960
2100840
2102080
2102110
2103320
2106420
2107420
2107480
2107870
2110760
2111920
2111980
2112330
2112530
2112910
2113010
2115300
2115710
2115730
2117070
2118030
2119070
2120140
2120340
2120880
2121440
2122080
2123510
2124640
2124760
2124800
2125270
2125300
2125500
2125530
2125920
2126020
2126120
2126340
2126830
2127990
2128390
2128410
2128630
2128970
2129860
2130650
2131080
2132060
2133250
2133580
2133940
2135460
2135810
2135940
2136170
2136620
2137680
2138190
2138850
2139790
2140770
2142870
2143190
2143390
2143700
2146550
2147410
2149190
2150100
2151740
2152730
2153800
2155800
2156150
2156540
2162890
2163890
2164040
2164980
2167910
2168920
2169250
2170350
2172920
2173480
2173810
2174190
2175350
2175400
2176670
2177990
2178650
2180580
2180660
2181280
2181820
2182700
2182930
2182970
2186090
2186450
2187640
2187670
2188260
2188890
2189230
2190740
2190880
2191530
2192240
2193100
2193690
2198980
2199380
2199440
2200220
2201160
2201190
2204540
2205100
2205130
2206180
2206970
2208390
2208930
2208940
2208950
2209370
2209670
2212250
2212740
2212850
2213910
2214860
2214940
2216010
2216440
2218660
2218830
2218950
2219160
2220390
2220750
2223000
2224240
2225980
2226650
2226840
2227500
2229010
2230040
2231000
2231280
2231490
2232040
2232810
2236290
2238810
2241350
2241540
2241790
2241880
2243130
2243660
2251450
1954420
1370390
1937230
2104770
1817120
2010400
2139630
2146960
2147080
2194700
1804630
1473270
1876470
1965130
1861490
1407450
1859590
2201260
2006730
1493940
1900970
1257880
2162070
1868870
807980
1944140
1823600
2081060
2004290
1765990
1852100
1899010
1964750
1966740
2008720
2126300
2209660
2204040
398990
1650150
1734870
1789620
1806110
1856010
1856730
1867200
1939740
1969460
2013420
2119050
2162750
2181830
2182770
2205380
1853670
2137770
1473740
1538640
2113370
2152940
2121680
1847870
1962560
1812410
1140460
1502010
1689310
1911800
1955970
2094300
2100740
2124390
1133760
1477700
1390120
2097160
2217840
1475430
1527890
1297430
1856740
1772910
1560500
1741030
1854580
1868280
1880280
1931680
1995100
2018280
2018250
2175800
1134700
1867190
1929990
1279240
1973730
1491150
1849930
1859630
1870490
1885520
942370
1332660
1513250
1513660
1646280
1658450
1712120
1814360
1828270
1844150
1846850
1847160
1848380
1868510
1873960
1878530
1889190
1911250
1917320
1926710
1931960
1973370
1979280
1989280
1989800
1995290
2000750
2011870
2012650
2017460
2017490
2072780
2074900
2108210
2125070
2154130
2157450
2161810
2176140
2195920
1842900
1795960
1837200
1882580
1197160
2079710
1817250
1843550
2001280
1876030
1966300
823950
1466930
1241030
1740080
1854090
1893460
1894990
1941760
1946310
1950920
1994450
2007120
2052640
2069420
2108110
1797880
1925970
1816930
934260
1764820
1809760
1847060
1871340
1914010
1935710
1940190
1945190
2106540
2107270
2163710
2207100
1486280
1902050
1904800
2123420
2173550
1768590
1944210
1687590
2158430
1532460
2187660
1168690
1531430
1293540
1457650
1853680
2010170
1453790
1336180
1852660
831050
1823490
1461030
1287140
1713290
539550
1074440
1262760
1448190
1652040
1680280
1688270
1688520
1697110
1791310
1795780
1797790
1812580
1813370
1821070
1823750
1827290
1830640
1836390
1846340
1855750
1868840
1876670
1881540
1895560
1912230
1916000
1931470
1936070
1937910
1942390
1943880
1946330
1958750
1962150
1971360
1973950
1981090
1982990
1990480
1991520
1994350
1998470
2014990
2024790
2026020
2026470
2027440
2050200
2054730
2082830
2084470
2086980
2089180
2090140
2090180
2091760
2100470
2103390
2111470
2122010
2129950
2156880
2158880
2161190
2169040
2176070
2183590
2189690
2192670
2205710
2214710
2217980
2219410
2226990
2251680
1371500
804860
1111590
1852990
1991950
2130470
1450300
1558330
1625340
1863100
1906160
1968190
1873920
1931600
2019640
1751890
1824540
1903600
2010410
2027290
2080950
2092040
2141330
1698470
1802270
1864620
1879100
1897720
1906880
1953470
1984390
2058380
2095930
2114820
2132570
2136090
1900530
1292440
1298620
1377010
1785930
1836520
1853270
1855950
1871350
1893330
1898790
1930740
1950370
1954300
1973600
1989920
2018930
2066420
2161000
2161600
1428770
2214170
2019240
1881260
1717270
843520
1856680
1752260
1919400
1723560
1884750
1596690
1874880
2010700
1935110
2004730
1561980
1141320
1952250
1538670
1566830
1896090
1928670
2058120
2150970
2138290
1753410
588120
1515260
1399690
1372430
1889710
1961780
1969530
1988030
2182850
1878810
1886630
1678420
1527070
1855270
1991570
1748290
2023800
2123690
1379580
1503180
1665900
1876920
1877060
1882670
1928910
1968160
1988930
2002550
2010440
2080060
2088170
2112390
2187560
1988010
2015860
1301430
1580440
1827550
1946590
1995120
2108420
2138510
1020910
1691480
1873750
2108560
1045610
1414470
1112110
1458540
1486060
1576660
1596940
1693060
1721100
1737130
1774200
1812950
1822490
1826030
1831960
1847220
1862200
1863170
1866600
1869330
1896870
1899990
1934340
1934810
1940490
1950310
2003090
2016650
2017160
2019110
2025080
2066200
2066320
2068040
2072400
2087430
2098620
2103160
2116980
2118610
2120510
2123270
2131990
2148720
2159680
2164970
2203130
2230090
2235690
1977280
1912380
410740
1994860
2016240
2091720
1276760
1855660
1681730
1138440
1630280
1891230
1984140
2019260
1914680
1948440
1994110
2200390
1721350
686290
1102140
1105960
1266260
1360780
1385620
1395480
1405040
1431890
1490290
1525370
1546140
1563360
1594440
1625900
1633160
1638690
1643520
1693140
1703070
1704920
1721010
1745370
1764910
1774110
1777110
1787800
1788650
1789310
1792700
1800030
1800580
1809480
1810730
1814520
1829940
1831020
1835250
1838170
1841030
1843270
1846960
1850680
1858940
1859060
1861100
1862630
1863090
1863610
1865650
1868550
1873040
1878050
1878620
1883450
1883600
1884380
1888920
1888970
1889760
1894980
1895550
1897340
1903170
1903590
1905080
1907020
1908200
1908660
1910210
1911010
1914140
1919800
1921500
1921680
1922530
1934790
1934980
1937170
1938370
1940320
1941130
1941220
1948150
1948190
1960380
1961040
1961230
1972590
1973800
1975170
1982670
1984630
1988730
1989460
1989640
2001060
2001360
2003590
2004520
2005750
2005930
2007300
2008600
2010340
2011480
2025280
2025340
2025550
2025960
2026430
2053100
2057040
2061820
2062350
2065820
2069750
2075770
2080290
2082950
2088430
2090480
2090830
2092240
2093680
2093850
2098540
2103290
2105140
2108430
2111490
2111520
2115120
2115140
2115480
2118290
2130750
2134420
2135740
2135920
2140590
2141470
2144110
2145750
2154640
2155650
2161660
2163600
2167100
2169230
2169370
2170240
2172600
2174840
2179130
2182200
2185080
2185810
2186610
2187030
2188660
2196380
2197540
2199250
2201340
2226090
2227600
2237820
2247880
1667170
1795310
1840510
1869370
1876070
2015200
2112000
2133390
2088180
1859610
1926630
2122110
1474390
2056920
2153990
1469170
1347800
2129670
1623620
1864630
1917350
1971630
1651870
1821570
794350
962090
1023250
1619970
1658480
1672280
1690040
1708810
1717260
1842330
1846240
1853560
1862180
1868240
1943220
1963060
1966310
1981290
1991990
1998300
2095900
2115470
2120820
2177290
2230910
1273220
1806630
1888810
1917840
1930340
2050450
2074040
2085270
1302460
1595050
1764660
1493360
1825380
1885090
1997630
1190340
1093170
1397070
1709780
1923450
2235780
1674340
1962770
1145290
1361210
1567520
1806120
1886870
2123840
1362040
1801830
1805590
1957040
1984110
2167890
2180840
2223800
1419980
1873990
1471180
1945990
1386650
803020
1979160
1408610
581660
1883030
1675970
1540680
1578430
1675530
1699660
1859030
1872130
1899980
1906070
1928790
1935460
1935800
1970710
1997520
2009920
2011010
2068810
2078130
2112020
2136400
2172670
2174080
2179350
2221710
2222370
1610500
674020
1567020
1639590
1473940
1867480
1887550
1892810
1911960
1949270
2197780
1951540
2187570
1968820
1711950
2147450
1895370
1342630
840110
1160770
1284090
1485730
1527710
1549870
1567050
1573770
1584320
1630520
1689520
1690340
1707570
1737640
1758010
1772650
1778490
1781170
1783180
1824070
1851240
1855190
1856160
1862980
1870170
1893940
1898950
1908730
1909670
1921200
1926920
1928190
1932730
1943870
1944750
1945170
1945880
1949380
1950710
1951070
1952180
1953220
1962130
1966800
1975550
1982810
1987140
1999460
2003840
2050080
2056420
2061060
2078370
2079110
2089620
2105460
2105880
2113230
2135510
2144630
2149400
2154840
2157670
2180980
2188470
2196100
2196440
2203780
2204030
1416520
1352520
1847970
1245910
2023640
2167790
1628650
1864580
1898320
1922100
1922340
1976740
2187740
2233520
1724630
2129200
1204230
1530300
1889100
1911780
1880890
1652490
2163590
1701660
1942440
1888560
1921160
2137250
1111650
1180630
1903400
2155600
1439070
1622640
1839190
1860050
1862230
1875540
1881480
1893150
1908900
1917780
2074580
2203140
2205870
2236340
1900930
1761380
1989190
1855470
2102240
1947460
1500620
1641470
1737510
1756390
1756930
1825130
1838830
1847230
1853970
1858860
1863280
1883950
1889440
1904430
1914460
1918930
1921250
1922030
1931970
1935170
1954830
1958190
1965560
1975730
1975810
1976030
1984840
1987780
1989940
1992940
2003240
2013180
2020670
2025060
2067910
2070420
2086890
2090800
2100060
2100210
2117510
2135380
2176730
2183090
2183530
2229380
751320
1961480
1822040
1844500
1853140
1882520
1943930
2061480
1990210
1682260
1340360
2107810
2193650
981830
1549070
1689510
1753900
1835350
1871000
1904280
1870630
1972230
2112730
1493880
1693180
1734770
1743460
1748260
1786690
1800570
1822770
1831740
1831790
1858600
1861110
1861760
1878220
1910750
1918260
1924740
1948650
1951880
1971330
1972180
1981780
2021840
2027270
2051820
2098760
2118750
2149310
2162390
2163800
2214740
2223470
1991020
2013300
1646730
1064600
2119490
1860750
1916630
1981970
1815530
1895740
2011130
1426950
1600830
1727020
1802520
1842370
1975530
1979240
1980440
2059730
2060740
2126840
2163760
2171980
2228730
2230920
2236370
1681870
1222790
1424930
1912930
1785910
1816670
1850690
918610
1347950
1653980
1707610
1796130
1845560
1874920
1988210
1997610
2005000
2147350
2236330
2236350
1419040
658630
1519310
1210540
1998590
2127310
1430750
2000270
1711120
1984230
1587020
1768620
1835930
1866710
1896800
1910820
1952770
1957170
1964880
1972920
2084660
2012840
1817560
1811260
1132690
1811070
1813650
1847100
1915040
1962840
1979210
2013780
1859640
2115170
1902210
1940980
1941180
1149560
1602110
1662940
1879670
1924510
2080240
1895780
835910
1936030
1852890
2170450
2190420
1927080
2050400
1731240
1824840
1870410
2078970
1836170
1809310
957710
1982620
2001670
1163930
2178420
2160420
922620
1931090
1687760
749540
1920820
1674640
1715750
1740660
1875590
1998140
1266120
1358810
1592600
1933800
1967090
2124590
1563900
1900160
1912710
2148830
1814310
1885010
2094170
1864320
2023630
2067730
2131050
1334780
1586920
1911900
699010
1481550
1836590
1892970
1921080
2151540
1937650
2209990
1874400
1945850
1995840
2054100
2189890
1548430
1875160
1890200
1956120
1990610
2089720
2147730
2169810
2230900
2236320
2236360
1241380
1579800
1594200
1680270
1726160
1875530
1990880
2065420
2087450
2147130
2186380
2207980
2225690
2248870
1332460
1443170
1466170
1596360
1674840
1769260
1783900
1857070
1873420
1875720
1882950
1896420
1916250
1916880
1917260
1941940
1943540
1976800
1978520
1983280
1991780
1997800
2009670
2066030
2082990
2089120
2113160
2133100
2148610
446530
1320440
1345900
1364380
1474570
1514190
1554010
1587770
1769380
1846060
1893870
1900820
1905230
1908740
1920040
1927580
1932490
1950140
1963980
1976180
2008040
2019670
2020850
2024210
2072820
2081200
2081640
2094440
2098650
2116300
2122960
2123990
2128400
2129190
2134550
2155750
2178840
2191180
2196270
2249320
798180
882980
924420
1101960
1399440
1435440
1540100
1553880
1565860
1585370
1599670
1621000
1675130
1691630
1694610
1706980
1730050
1787070
1798150
1799590
1801460
1806130
1806690
1808980
1810220
1828090
1832010
1848290
1854280
1863460
1865880
1873300
1881440
1895220
1895540
1900790
1901090
1916660
1919710
1921210
1922320
1925450
1936700
1937980
1938410
1939570
1941850
1957010
1957560
1962330
1968500
1971350
1973020
1977750
1978490
1983150
1984810
1989290
1991420
1991670
2000490
2001800
2003760
2009510
2016840
2027220
2054230
2057620
2072580
2076910
2077700
2079800
2080660
2101370
2101410
2107650
2112570
2118990
2128010
2145230
2146440
2148220
2148370
2148540
2154190
2159040
2162970
2165550
2170170
2171350
2172620
2174030
2176640
2180070
2182240
2188640
2189580
2190270
2192680
2195350
2205640
2209810
2211120
2212650
2214120
2215330
2223460
2225030
2227080
2227630
2228960
2233720
2234250
2235390
2240320
2245030
776270
1145800
1215980
1272470
1350810
1352450
1430180
1479090
1483020
1512450
1560480
1576930
1601700
1624970
1646240
1682120
1700010
1712510
1727500
1742620
1758180
1758480
1768010
1776000
1779970
1800080
1802930
1807380
1819770
1822010
1823400
1823740
1825310
1828720
1836950
1839600
1842200
1848660
1849070
1851300
1851440
1859100
1859110
1859670
1860110
1862850
1865500
1876690
1878010
1879170
1880030
1880310
1882780
1884140
1884720
1887570
1889050
1890030
1891460
1892430
1893490
1896190
1897600
1903220
1907620
1910400
1910830
1911120
1911400
1914700
1915330
1921950
1922620
1923860
1925250
1929330
1929380
1929590
1930070
1930090
1930170
1930180
1934550
1936520
1943440
1945740
1946530
1949130
1949170
1950680
1950690
1950700
1953210
1953590
1955500
1957160
1957270
1959440
1961210
1961380
1963470
1963600
1970620
1978110
1979190
1979430
1980930
1981540
1984240
1984670
1987630
1988050
1989610
1994940
2000190
2005670
2011650
2012830
2017000
2017060
2018810
2018900
2023250
2050920
2054140
2056800
2058170
2061340
2062600
2066210
2066390
2068140
2070210
2071060
2074970
2076320
2076730
2080930
2081850
2091120
2091270
2093340
2095150
2096040
2096820
2097810
2097920
2099510
2099610
2099940
2104450
2105090
2105230
2108870
2110520
2112580
2113970
2114860
2115560
2118550
2122230
2124240
2124560
2124740
2125140
2125460
2125720
2127610
2131260
2132090
2132870
2133490
2133730
2134760
2138120
2138600
2140150
2141640
2143450
2143590
2144470
2147600
2147860
2147900
2151020
2152120
2152710
2155740
2156630
2157260
2159020
2161090
2166070
2166480
2166750
2167560
2170320
2171600
2171970
2172110
2177020
2177530
2179450
2188820
2190690
2196150
2196370
2200560
2204710
2206310
2207690
2208230
2210100
2213420
2214010
2214130
2214150
2218780
2227340
2232780
2234440
2238000
2245960
2251480
2074800
1563070
2062120
1949220
1360660
1054120
1142530
2020490
700310
1798140
1884410
1898640
1901410
1898420
1549250
1300920
1878200
1890680
1894230
1990310
1635350
1991900
2075680
2027400
1806030
1243160
2079370
1399080
1082450
1440050
2233510
2072890
1817910
2185930
1679670
1998100
1760250
1800430
1990190
2015140
1543360
1928100
1937830
1942610
2132230
2151030
2218370
1314230
1355960
1975370
1790340
1918680
952730
1951970
1846370
1866250
1936450
1968870
1978470
2171580
2171720
2236380
2236390
2245700
2010570
2143880
1857020
1824150
1944920
1951040
1738740
553150
1525760
1825050
1869430
1882680
1926220
1959900
2001300
2076720
2081220
2116930
2166260
2184110
1998580
2010390
1886850
1924990
1841780
1761870
1473480
1795880
1978000
2124810
1398010
1510730
1829120
1887730
1912480
1986800
2005440
2007080
2015110
2026070
2026580
2070980
2080980
2119440
2131430
2133330
2151480
2168630
2170960
2225060
2232260
1661020
1269720
2052460
2170050
1998390
1809250
1005490
1055240
1693780
1756800
1949880
1995830
1408680
1454970
1809740
1913190
2053320
665560
881310
1338730
1395420
1450790
1572150
1813240
1827060
1894880
1897330
1899160
1901350
1906910
1927600
1962100
1967040
1983140
1990060
1994480
2012570
2053760
2062130
2134600
2164220
2176540
2214730
2114810
1929670
616710
1893350
2186460
1672930
1895960
2080580
811550
1428870
1717990
2012070
1252000
1460510
1970070
2093330
1685530
1783000
1808700
1120480
886520
1237780
1548910
1887490
1889420
2066780
2110740
2222670
2024140
494490
1393580
1561350
1766400
1879720
1884800
1913980
816550
1135560
1532300
1617890
1726020
1812890
1823860
1841040
1848300
1854160
1854730
1882560
1891130
1894650
1895080
1899180
1901580
1901940
1904130
1925710
1930950
1934090
1943750
1947690
1949930
1956300
1970590
1980680
1987280
2012000
2017010
2018320
2066330
2073520
2075130
2078680
2090050
2092530
2100200
2105670
2110600
2121620
2126500
2136700
2137570
2149850
2193500
2204720
2227840
2238080
1868120
1983330
1915940
2083790
1830480
1811820
1837910
1869020
1873000
1878580
1879000
1921940
1986070
1987130
2091000
2110570
2142210
2154530
2177060
1751070
1457640
1736270
1723790
1798750
1734280
2094250
2075340
1745380
1551470
1736680
872570
1735930
1091740
656830
1757090
1940880
1958970
1506530
1711980
1857910
1901260
1907690
1934740
2204600
2239320
1643590
1775080
1880860
2066460
2009390
1528680
1841630
1893420
1778950
1065520
1681670
1987290
2005370
2062820
1477860
728140
1152000
1191080
1263930
1516730
1580850
1662990
1665170
1694840
1702370
1729210
1786810
1821410
1824260
1827430
1840620
1846980
1848280
1848970
1850400
1857730
1859870
1860610
1866260
1866700
1867260
1874220
1874380
1874560
1878710
1888120
1891570
1892470
1902900
1903330
1905050
1905060
1908330
1909830
1911230
1925530
1927550
1935070
1941550
1956490
1965360
1966590
1968140
1973170
1987550
1991590
1992420
1992560
1999030
2002280
2011520
2022060
2055970
2063400
2068050
2071020
2071040
2075540
2076490
2076510
2083580
2083720
2084960
2094160
2097900
2101340
2101360
2101590
2105010
2124790
2133590
2138520
2139480
2140960
2147310
2150560
2151630
2172660
2183780
2193370
2197000
2204960
2212940
2218800
2220130
2233540
1265650
1811750
1765520
1944970
1188130
2187690
1431170
1876680
1935080
1978180
1980570
1982460
1989950
2005410
2027860
2059350
2131500
919290
1786200
1769930
1247100
1989200
2164760
2086990
1843420
1492320
1720750
1956110
1985410
2008330
2203710
1692070
1380410
2013870
2022110
1523990
1790310
1909240
1879180
2241860
664130
1681580
1938460
1953170
2114170
1759130
1865080
2192750
1506420
1858240
1915460
1919320
1470860
1610990
1690380
1864050
1976520
1994380
2106660
2133380
2173820
1835310
1834620
1897130
705390
1375260
1477300
1531650
1586330
1698110
1828010
1829080
1833020
1843330
1878300
1879570
1957700
1960790
1979550
1990710
2054640
2057910
2070440
2101180
2109550
2122890
2136690
2166850
2170590
2188430
2197500
1032750
1401400
1885130
1786750
2225970
1706300
1872730
2008230
2195060
883970
1426050
1900130
1299130
1897050
1825460
1852410
1728180
1871170
1925550
1983480
1990230
2057420
2059400
2086730
2155480
1889660
759080
1993010
1551220
1829200
1901040
2114320
1872550
1160950
2143180
1782010
1876390
1885820
2083280
1825390
1864460
2200420
1839570
1401170
889750
2015650
1459660
662180
780720
946570
982920
993530
1014200
1017340
1030350
1095460
1100880
1226180
1283880
1288020
1355770
1383580
1401110
1404840
1471850
1487740
1548880
1595230
1619450
1623130
1635750
1639420
1648310
1657210
1666600
1684880
1684990
1686070
1697180
1703330
1714820
1715040
1727750
1730690
1756450
1762240
1776920
1796350
1797450
1798880
1801010
1803440
1803460
1804290
1804990
1820020
1821510
1824590
1828140
1829170
1838250
1838780
1839150
1841590
1842130
1846000
1851190
1851520
1853690
1856890
1857690
1859220
1859500
1860270
1862990
1863240
1863990
1871020
1873720
1874510
1876060
1876120
1881570
1882270
1882350
1882730
1883220
1883420
1886420
1887280
1888210
1891120
1893180
1893300
1898100
1899370
1901360
1902200
1903830
1904320
1906680
1909740
1911690
1917460
1917600
1919700
1921120
1924840
1926780
1928220
1928960
1930120
1930130
1930160
1931760
1933090
1933140
1933330
1935850
1940550
1942050
1942490
1943460
1944020
1949640
1951480
1955380
1957750
1957820
1958250
1958620
1959400
1965000
1966240
1969410
1969930
1970400
1972250
1973470
1975860
1981530
1982190
1982680
1984400
1984890
1985430
1985700
1985950
1988360
1989100
1989620
1997170
2000000
2001190
2003320
2006830
2007060
2007740
2009220
2010360
2011610
2014560
2016960
2021520
2026790
2027300
2050820
2050840
2052270
2056380
2056990
2058920
2059550
2060410
2061050
2063210
2065010
2067280
2069680
2080670
2080880
2081240
2081960
2082860
2083760
2083960
2086440
2091730
2095560
2101880
2102130
2102870
2104270
2105390
2105410
2105420
2105490
2105680
2105760
2108980
2111300
2113210
2114150
2114890
2120100
2121850
2122590
2122700
2122840
2123550
2126380
2126650
2129830
2131780
2136480
2136890
2139370
2140110
2141900
2142820
2144320
2146100
2147260
2155500
2157860
2159200
2161590
2162880
2164430
2165300
2165350
2167590
2171450
2172780
2172870
2174330
2175900
2177590
2181790
2183030
2195560
2197090
2197170
2198460
2209880
2210450
2213930
2214050
2214140
2225500
2228160
2229170
2230250
2234260
2237090
2237770
2238020
2239250
2239850
2241130
2243060
2248070
2249020
2253880
1723320
1893960
2129290
391400
1342750
1427450
1591630
1726290
1746110
1756750
1757250
1823760
1829130
1841580
1844550
1846510
1853790
1857850
1857890
1866090
1871810
1894940
1896620
1912190
1922540
1928350
1930040
1948330
1958890
1961860
1982600
1993140
2002320
2004380
2006210
2007270
2017980
2018190
2025770
2057720
2074390
2077610
2084220
2095770
2099050
2122640
2155980
2167110
2208870
2214760
2217880
2231960
2244930
1334110
1894730
1841700
1893310
1993560
577570
1736510
1863480
1991690
2004200
2027470
2078240
2101270
1969740
1850930
1191800
1868030
1926260
1927310
1971980
2135630
2230890
2055600
1291970
1563680
1720510
1928620
1938740
1957060
1912700
1903780
1737050
2214370
1638760
1682530
1789130
1894770
1927090
1841100
2123030
1898430
1706450
658360
2205460
1927920
1200220
1759920
1859730
1864530
1877460
1897830
1901870
1972910
2066130
2131380
1840870
1863490
1912590
1921090
1948930
2059230
2079230
2087440
2092700
1504570
1681880
1855920
1683820
1871030
1912870
1920850
1949840
1966260
2092320
2199270
2223010
2074960
1220840
1345520
1380850
1577730
1600570
1737460
1854890
1876740
1886170
1892550
1898130
1903360
1905540
1944520
1965870
1966860
1986630
2065570
2072900
2113690
2122490
2166520
2188630
2203770
2233590
2244090
2086150
1236300
978700
2083570
1324150
1775990
1850150
1879220
1894310
1918920
2060510
2104570
2251240
1400940
1857340
1943400
1411700
2008010
1523900
1803450
1953570
2026060
2111770
2155060
2155970
1734540
1864070
1260920
1299000
1301500
1351580
1409350
1451010
1476830
1627280
1644830
1676590
1702380
1706270
1742910
1748910
1777940
1786350
1797440
1800560
1821950
1837140
1852180
1855620
1856080
1859130
1859310
1867840
1884970
1888460
1894250
1897520
1899450
1906410
1921040
1928930
1936430
1942300
1946840
1955990
1958120
1966450
1966830
1971810
1979390
1986970
1988960
1992530
2006570
2007280
2012170
2012890
2013010
2014510
2020770
2054820
2057400
2057460
2058310
2064410
2078580
2079520
2085870
2088120
2088960
2089080
2092710
2095070
2096050
2097670
2102330
2104970
2109720
2114090
2142150
2142220
2147550
2150740
2153600
2157050
2158820
2160340
2184410
2189110
2203800
2211150
2214430
2234310
2235140
2235450
2238200
2238780
2238970
2240030
2242360
1893530
1960200
1756150
1902260
1904730
1927030
1985150
2013610
2102530
1008230
1514460
1581200
1598020
1848870
1852610
1894150
1928600
1955650
2026290
2166600
2200590
1068350
2003200
1724910
2240910
1003150
1794840
1930380
1948890
2085550
2178620
2191140
2204860
1867100
1955000
1665490
1747160
1991830
2203720
1822120
1660890
1681890
2098930
1686010
1897410
1913810
1957240
1962440
2003260
2008240
2063160
2216510
2167800
1970510
1989680
2060520
1908140
1993530
2060540
705510
1533520
1674710
1687130
1698910
1729060
1808330
1826530
1829160
1833620
1841540
1851630
1859980
1873210
1884450
1884470
1920510
1931160
1931640
1961870
1963630
1987330
2008460
2013270
2057490
2074140
2082720
2088070
2089330
2127440
2148400
2152480
2155090
2163860
2176340
2182570
2226500
1933670
2094230
1733860
1932670
2238240
2096470
1169760
2147710
1929650
1942360
1999540
2195200
2059960
2178410
1716690
1227370
1742690
1763540
1776940
1883280
1892600
1897430
1901060
1905110
1967340
1988390
2099190
2104700
2154960
2183370
2216690
2227620
1967830
2011070
2054450
1895230
2120810
2003620
1793360
1804640
1805650
1812260
1952100
2016600
2061530
2119700
2182820
1995280
2015430
2229080
1569220
1915580
2077970
2102610
2108990
1263620
1877360
2139100
2200700
2135640
1832640
2118600
2078460
1984000
1990830
1848940
1799220
1420780
2098860
2154770
1915410
1563130
