2231450
2050650
2263010
2324650
774801
1817230
2121360
2291760
2109460
1201270
1669980
2171690
1562430
1765350
2056220
2250060
1971650
1058830
1944570
2212330
2067780
1321440
1955830
843390
2231890
2181930
1783360
1761270
990080
602960
1189490
1663220
1710100
1889040
1331550
2316330
2166060
1623940
2088030
756800
2128480
1404850
2306590
1742020
1693980
1450150
1968840
2262610
1707400
1343810
2177750
2172030
2166050
1347970
2106840
1883090
2353760
782250
1295320
1696960
1668520
2205290
1498040
2302140
1494810
2230280
2224850
1091920
2067790
2267810
1527950
1085220
2138710
1105670
2186320
1668310
1245560
1305300
1475840
2055910
1866880
2316660
2214080
1813430
1533390
1929610
2187290
1737340
1999770
1282150
1775530
2119210
695330
628740
2177760
1839880
1579880
1995780
2330500
1863750
1933660
1422130
1142810
2321460
2219470
2317510
1571100
1625230
2349550
2128270
1761780
2191550
1430680
2268470
2302640
2209150
2249520
1318740
986130
1863290
1815570
2211730
1798010
1365720
1608640
1290330
1183800
1902850
1400910
1409160
1727210
1412960
2343240
2347380
2093940
1708110
2342980
2178330
2323870
1486440
2207970
2206560
2226160
1442840
2227130
791200
2305480
1894430
2069760
1216320
1772050
1922010
2246120
1312060
1674780
2236860
1266030
2164490
2246400
2321210
1764700
2215290
870200
1539160
2189640
2053940
2274410
2273550
1742930
2077380
2127010
2321180
1128920
2130460
2102520
770810
2354650
2020710
1211600
2231900
2169120
2281410
1432860
2319580
1640890
2190570
1777390
2337110
2217680
1798020
1498740
1398210
1709900
1566200
2116260
2332130
2225530
1920100
1869590
2254600
1208590
1261430
1651560
1895890
1622800
1412310
2020090
2137760
2090950
2154400
1705140
2225250
2241980
2180150
1592540
2224920
2118370
2289970
1262060
2332660
1808490
1738710
1835240
1098610
2304670
1592290
1083880
1804610
2092330
2079950
1599000
2330750
1358700
1000440
733110
2063530
2334340
1878910
2340400
2364810
2120900
1694560
2200580
2262970
2362740
2287760
1985960
2156620
494310
1143860
