508440
1366540
1288310
774181
1361320
1467450
1092790
1454400
1421250
1698960
1307580
1507970
1806840
1082430
1250760
1390350
597170
1469280
1584090
1530140
1708870
488860
1388880
1604000
1713610
1567800
1196590
607080
1255980
1426210
990630
1520370
1388770
1806040
1655140
892970
1714320
1291340
1504500
1764390
1408230
1830840
1407420
1290490
1715460
1727650
1641270
1609230
1190000
1161170
1127500
337320
874260
1268960
1546570
1182620
1625450
1123450
1536610
1557740
1506980
1481400
939400
584640
1227650
1566410
1800730
1511860
1580970
1545450
1304680
1229380
1206560
1088850
1369630
860510
763890
1217060
1516240
1722570
1754720
1419170
1062090
1255650
1111460
1597730
1510030
1333910
843380
601840
1277940
578540
1634150
1808800
1003590
417360
1216710
1310990
1637370
1722620
1504020
1205450
915310
1626890
1440670
1578860
1591290
1138850
1639790
1812820
941460
1481080
1517850
1424660
1158850
1046480
1282730
1406850
1256670
1421790
795420
1734320
1619750
1361230
1423370
1398740
1147560
894020
1259420
1601680
1782210
1603980
1435790
1456880
1730360
1662840
1554840
1213230
1280770
1484720
1369670
1476340
1372320
1173770
1499120
1119980
1178830
1345820
1546860
598550
1564090
1599880
1245540
1078420
1227690
1494190
1638660
1195290
1710930
1688580
1674170
1173010
1532510
829280
1511270
1203630
1682490
1569040
1135690
1444480
1274570
1444300
1144200
1591570
1555710
1675670
1292020
1477790
1508460
1269950
1342330
1328670
1673190
720620
1126310
1648390
976620
1260810
1138660
1542810
1639610
1620340
1570960
1546790
1131190
1388590
1262040
848450
1625080
1669490
1828630
1822190
471710
1125240
1558510
1198090
1518770
729000
1351630
1367590
1267910
1662480
1577420
1802720
1384160
1549550
1521580
1569520
1724050
1170060
1762270
1579380
1413870
1144020
1587710
1379560
1289810
1510950
1382320
1509960
1587560
1173790
1141550
1286280
1525700
1265820
978460
1687550
1466640
1554790
1665500
1710170
1095260
1015920
846770
1203710
1456820
1114070
1164100
1518810
1583320
1638220
780310
1485250
1741640
1248130
1820740
1209770
1534980
1062110
1092630
1066900
1078350
1587090
1546540
720350
1731520
1263230
1583280
1532180
1599470
1727520
1749630
1397790
1335230
930210
599610
1463120
1582890
646240
1590900
1129580
1714040
1382330
1303950
1105500
1506510
1462470
1567440
1637670
792120
1364100
1683860
1358090
1271400
1608400
1139280
1672970
1712390
989790
1559430
1264280
1747050
1174640
1237730
977400
1031900
1654900
1789470
1377450
1272160
1124180
1343370
1509820
1748610
1441840
1465510
1567420
1596540
1396890
1199030
1555110
1093290
1708190
937310
1000360
1463890
1046400
1614730
1479500
1693260
1559390
1122680
1369520
909380
1433340
1801230
1029210
969760
1151450
1562420
1674270
1801660
1592520
1724190
1527910
1689870
1431780
1342890
1273260
1336600
1203420
1630920
1574250
1448030
740130
1018830
1293830
1157700
1733500
860890
1541250
1823360
900400
252870
1159560
936790
1254670
1718160
1029780
811320
1732740
1591490
1449510
1648210
1354910
1630570
1661260
1617430
1294060
1560060
1395030
1605690
1018800
1515200
1771070
1252830
1636420
1502080
1610290
674930
1621140
1826860
1271280
1147890
1508750
1595490
1679320
1484280
1427860
1541830
1671340
1590660
1259240
1484800
1300600
589940
1076620
1549030
1458100
956450
1766790
593640
1660910
1552550
1612420
1281160
1657170
1609100
1519490
1646030
1582570
1595640
1735950
1266100
1662850
1501410
1792610
1257290
1596950
1742450
1486630
1819230
1503530
773370
1422420
1585700
1465360
1609080
1422540
1105510
1540220
1477810
629820
1151930
1554700
1647190
1642220
1576240
1118310
1683560
1719180
1620690
1276790
1721980
1396240
1269690
1552250
1357860
1548320
1283410
1773890
1551360
1593310
750290
1672140
1607670
1530760
1325200
1682970
1257850
1726190
1329350
1295500
1581180
1476970
1144770
1764530
1751980
1711400
1719130
1823370
1064340
1781350
873270
1481780
1378360
1496180
1569090
1212410
1234940
1506850
973250
925950
1158220
1406690
1394930
1424710
1508920
956140
1229060
1062140
1306630
1569620
1783200
1273080
1667920
1610870
1640720
1598160
1257860
1330470
1378060
1517340
1206060
1167170
1113560
1590600
1005400
1618290
1745790
1490890
908100
1163870
1400870
1492680
1578390
1484900
658890
1605010
1134710
1293160
1677740
1568590
1335530
1706090
1144910
1563490
1547890
1040420
1604240
1096530
1462570
1524250
1040230
1436990
1606940
1684720
1611580
1572040
1591420
1779200
1297330
1630290
1786760
1272070
1581800
1639930
1418830
1644280
1569150
1527510
1463920
1549750
1424870
1471960
1528080
1431610
1564560
1242980
1464550
1264920
1054340
1554550
898750
1571220
1635980
1647730
1562920
1778210
1614340
1330000
1507190
1181830
1710920
1515890
1637140
1577880
1814170
1375480
1572270
1659590
1647160
1055850
1823350
1260590
1545250
1235830
1117390
1338330
1667400
1752150
1273540
1434950
1585910
1594860
1743260
1568880
1659050
1522560
1492160
1522950
1796180
1807930
1615100
1365750
1295270
1532770
1106830
1691420
1724440
755410
1527060
1337530
1643440
1296360
1334910
1835810
1812760
1573750
1273750
1680000
1173800
1347600
1432200
1458390
1495860
1335790
1428900
1584830
1546920
1492720
1602280
1720050
1543520
1552680
1663270
1502970
1569440
1540150
1830720
1490980
1574910
1507780
973810
760640
1552350
1755280
1794470
1452540
1594090
1654890
1281590
848050
1671350
1591870
1466860
1642130
1745170
1355650
1368410
1319790
1327440
1586370
724680
1558970
1410830
880730
1782380
975270
1256060
1410840
1477330
1520060
821880
1684170
1092400
1149620
1198210
1535490
1569550
1269020
1534270
1513120
1275790
1558900
1586700
1625720
1578950
1520500
1510630
1661880
1504220
1525660
1695620
1407200
1677360
1580240
1142080
1721530
1072750
1285230
1814710
1587260
1487590
1522930
1727220
1331210
1482770
1584280
1191120
1460540
1204440
1528810
1048660
1801650
1331670
726840
1372280
1692430
1341900
1405950
1519590
1546440
1131620
1494470
1352200
1470120
1534340
1106340
1281400
1425130
686810
1632770
1802870
1791700
1547340
1613680
1793380
1517150
1380650
1604300
1647740
459840
1111600
1574470
1237070
1728830
1575670
1569470
1642260
1426480
1504760
1526490
1037130
1546500
1223020
1338020
1641500
1655670
1594900
780290
1253880
1828640
1547290
1230800
1494500
1525320
1559760
1506080
1531040
1206610
1778500
1213220
1250440
1505700
1406780
1103550
1441670
1606640
1628440
1394130
1644840
1606280
1820170
1594410
1402790
1255560
1816880
1476430
1448600
1371750
1191900
1557040
1595380
1577660
1259640
1570080
1413480
442210
1570760
1851380
1134570
1451480
1348800
1072640
1794780
1420650
1460050
1530630
1727000
1372210
1494950
1573580
1038370
1197260
843180
1777750
1606340
1403080
1288420
1538460
1502990
1657810
1653970
1109820
1461680
1482490
1571440
1758450
1638330
1397650
1158720
1441230
1335830
1543240
1092950
1395400
1372810
1840490
1715850
1125880
1447330
1244460
1027120
1107300
1445040
1460490
1642610
1374280
493520
557950
1538850
1097130
1648100
1363740
1123770
1716120
1566250
1612960
1143810
1509590
1651540
1280950
1574330
1692060
1705030
1774700
1601830
1584810
1432500
1777280
757310
1546870
1533050
1123050
1695080
1739530
1706190
1074500
1270080
1632610
1677410
1716480
1794300
405010
1508270
1714580
978630
1131920
1634870
1813820
1722020
1037120
469600
1511670
944430
1696720
1368780
657000
1600530
1460830
1775550
1590850
1098470
1393210
1506820
1810960
1306720
1740070
1638340
1109300
1522850
1555400
747660
1660290
1098130
1147130
1510670
1774220
1784780
842180
1283430
1655700
1118240
988310
1599080
1482430
1490490
1542860
1516080
1196440
346820
1449630
1023550
1222340
1714070
1840920
1253270
1387460
1574700
1588380
1139940
1249210
1359630
1836310
1636700
1598010
1184760
1339000
1378020
1569180
1462430
1578060
1687150
1184370
1315160
982350
1678600
1741120
862440
1805930
1391530
1270850
949200
1483870
1579120
1343640
1592340
1418180
1580800
1543980
1395270
977880
1466690
1463730
1033950
1078920
1079230
1511140
1645640
1656600
1577260
1749350
1752250
1092140
1561750
1681480
1593350
1651680
1284870
1534180
1602900
1630590
1561910
1212850
1715690
1745750
1301210
1500600
1591520
1585570
1192380
1618230
847680
1016700
1699960
1712150
1119730
1492200
1295260
1581580
1769510
1593730
1120810
1062830
1316910
1644720
1795170
1511460
1780690
1222750
1424300
1548400
1694260
1773410
1624830
1550510
1522820
1635590
1279260
1586290
1647940
1508680
1523390
673910
1760020
1783510
1436590
1428370
1539750
1542840
1593700
1316530
1483470
1502520
1771200
1338770
768450
1554400
1596850
1485120
1583390
1163090
1651780
1438090
1786640
1482620
1231460
1235800
1338940
1475440
1519690
1641020
1204940
1406000
1409180
1680500
622680
1529810
989440
1590570
1577620
1258790
1071220
714590
1721270
1695680
1276750
1211990
1506260
1534700
1617450
1736710
638990
1277510
1419290
673610
1445980
1454080
1497820
1660040
1727660
1728740
1568940
1257200
1613190
1418540
1114900
1318240
1524690
1598210
1611350
1698520
1153640
1588570
1349040
1585540
1706820
1736300
1016600
1252850
1743940
1750490
1521930
694280
342080
1620920
1372800
1515800
1612200
1613150
1682550
1730190
1831060
1370600
1237040
1689190
1455660
820540
1846020
825060
1475960
1579850
1694880
1809710
1575300
1490610
1399590
1494110
676030
1236490
1689280
1066420
1271380
1706310
1068360
1505770
1740760
1483350
1695480
1094520
1747650
1321890
1796630
492340
1736570
1361010
912380
1844860
1511090
1787160
738520
1075170
1681160
1480830
968550
1684610
1704060
1553910
1578100
1548650
1593950
1620110
1809530
672630
1414180
1671600
1162700
1305310
1758920
1304400
1460800
1729580
1025960
1617190
1502660
1036700
1819570
1676880
1566230
1625520
1664350
1483780
1510620
1511240
1511950
1517240
1543290
1548190
1787470
1173810
1080010
1453710
1501420
1754440
1566060
1693200
1304350
1333700
760630
1502380
1399670
1563340
1488100
1501650
1454550
1667490
1536470
775500
1801850
1544570
1418760
1634990
1294380
1402030
1476800
1482130
1513450
1660480
1676150
1676870
1299790
942390
1413090
1505380
1747670
1760090
1580210
699130
1537740
1832220
789830
1570750
1636100
1523720
1218500
1246250
1548820
1329600
1611070
1076200
1342040
1395830
1595030
1639690
1716390
1386890
1765150
1695870
1467830
1653300
1521110
1570790
1580570
1823320
1580150
1381850
483330
784080
1392960
1167700
1508430
1639230
1525890
612040
1495000
1596270
1620390
1712810
1747030
1813690
1368870
1088790
1672920
1520330
1743380
1175190
1304770
1478030
1608730
1613050
1639040
1246880
1753090
1139160
1511040
1833810
1476760
1706340
1016800
1630080
1107750
1350240
1680700
1470310
1835060
1389650
1451540
1451880
1475080
1526920
1581940
1608270
1729160
1173200
1410600
1432650
1520250
1568650
1772490
1835690
1608560
632300
1667770
1495320
1311570
1352340
1410260
1499190
1689000
1692580
1319420
1592610
1556770
1436810
1529560
1597520
1786670
955870
1394100
1455920
1581040
1552130
890130
1638430
1730110
1719100
1648560
648410
1299360
1514370
1725440
1342660
1360700
1393490
1563010
1572400
1574390
1580560
1616030
1636000
1706170
1780290
1799020
1722760
1300100
1508030
1623880
1330460
905970
1458690
1683800
1635250
1649540
1811140
1821800
1578960
1523150
1664370
1054430
1543460
1808130
1514660
226280
1199760
1513310
1572120
1601860
1698570
1575870
1502260
1582850
1466180
1454090
1677140
1679870
1276390
1536070
1076070
1264730
1341890
1385260
1507620
1516550
1571600
1668850
893720
1758910
1277400
1301770
1355560
1499220
1552430
1574010
1599690
909660
1298080
856610
1542790
1380420
1285920
1075200
1709500
1508170
1426450
1558990
732050
1101670
1158980
1593490
1517830
1489500
761830
1755950
1818150
1528050
1243700
1609090
1140170
719930
1523010
1609050
1662340
1673560
1702450
1710140
895620
1273110
1247160
1594130
1606300
1624990
1640100
1567080
976700
1524930
1529430
1581740
1606030
1624350
1639250
1713200
1762370
814680
1614040
1189680
1539780
1527520
1554220
1720560
661680
1475460
1534260
1602930
1585830
1040460
1280380
1509830
1566090
1604800
950180
1678860
1127970
1491510
1814010
1502560
1443200
1598370
1493970
1163690
1339260
1780470
661130
1328900
1505460
1571880
1585500
1590080
1631500
1671770
1412570
1791790
1386940
1740420
1599250
1705590
1016000
1569650
1532650
1805270
1389850
1483040
1492420
1500470
1655190
1672460
1688850
1798540
1805000
1534200
1407210
1572810
1814770
494430
1675140
1137750
1682050
1450090
965640
1450650
1554640
981600
1393320
1518820
1248150
1518350
1589500
1592530
1150090
1594400
1530720
1529470
1544540
1662690
1345340
1538680
1554660
1613770
1799160
1098220
1300330
1448780
1497680
1541410
1542850
1570160
1587810
1591730
1597790
1600930
1615930
1788410
1222570
1463530
1695830
1450080
1607530
1658310
1474200
1446650
1232150
1605290
1152340
1198590
1572990
1590700
603660
736240
757850
1183480
1252210
1489000
1513530
1522470
1528110
1550660
1555580
1575950
1631010
1640760
1646930
1652800
1720600
1725430
1809930
1821090
861250
968760
1642890
1635790
1699390
1738100
1822450
1252300
1527880
1568620
1735980
1567490
1808730
1043260
1435670
1566390
1358140
1346390
1504140
1529770
1559700
1564150
1581830
1668840
1804970
1835580
1656640
1510930
1544360
1461770
1769420
1141030
1493020
1554860
1647780
1301950
1390670
1627820
1828900
1053710
1528130
1548750
1489600
1787860
1216030
1555650
1604780
1706710
1715160
1215740
1689270
1461100
618850
1531840
1567860
908390
1133910
1159960
1370130
1401070
1422950
1425190
1452130
1475780
1517490
1556160
1566050
1568210
1570500
1579680
1618220
1623960
1626370
1680310
1698930
1718660
1732140
1749380
1767700
1316230
1058280
1533600
1334000
1506830
1501490
1524790
1305350
1623000
1663200
1709590
1827660
1023790
1227320
1292860
1469960
1478180
1539770
1543330
1549420
1558210
1584420
1600840
1664240
1740050
1820690
1845880
1333470
1432320
1553320
1737070
1508740
1035120
1184500
1564340
737050
1610840
1750570
361100
1142240
1417540
1470020
1497780
1515470
1551230
1576490
1693650
1729090
1755570
1781880
1684510
1549060
777670
1539580
400750
1533590
1408720
1638860
1727930
1777820
1545820
1586960
1588910
1776400
1796410
1798770
1205170
1055170
1604640
1115870
1239980
1439040
1487030
1500390
1513680
1568580
1580340
1586620
1598750
1630780
1636910
1674980
1675270
1679200
1680400
1687190
1699460
1726050
1729170
1732130
1734980
1738570
1830000
1848250
1178230
1042210
1488640
1522770
1779840
664460
1020310
1141270
1214060
1584540
1593410
1672690
1681040
1711190
1722100
1753050
1754050
1803160
1810410
1601970
1696810
1499660
1514780
1545620
1556650
1671420
1739340
1648590
1520470
1451870
1524380
1667270
1479030
1567740
1745480
1352910
1532250
1689550
1173380
1526520
1597400
1636850
1518430
1614940
1804760
1137460
1465070
1591530
1495420
1519470
1763230
1541020
1490860
1528580
758010
1474550
1492210
1508650
1514000
1548800
1595180
1728680
1767930
1308700
1472540
1653870
1374580
1383700
1517350
1669870
1000760
1422430
875400
1049560
1156760
1181300
1362400
1404080
1407920
1414530
1422220
1442410
1453670
1491960
1513670
1581720
1593210
1655480
1673230
1677430
1683890
1701830
1720960
1729050
1757560
1266840
1220150
971030
750520
1588760
1657760
1374480
645320
1527500
1711490
1410870
1462520
1450310
1586230
722180
1385100
1088710
1609830
1603860
1663930
288080
1250280
1422190
1492980
1601840
1740730
1619350
1498590
1318750
1492900
1552760
1555590
1744140
1784220
1808360
917720
1375400
1457510
905220
1224710
1402900
1478320
1527620
1602330
1654200
1668870
1761450
1549970
761010
1545710
1471410
1534520
1644150
1133060
1373320
1391540
1706540
1416230
1803190
1469910
745730
1485580
1547350
1550450
1745740
1833360
1651860
1800980
1450120
1739300
1784730
1507720
1629100
1385210
1510570
1290170
1382800
1384110
1388280
1452900
1514640
1574200
1577710
1610790
1623650
1661450
1677620
1704070
1712310
1716950
1720800
1768980
1781640
1791460
1792230
1820390
1393750
1325900
1295390
1296980
1536080
1196600
1705400
1513420
1336210
1468380
1690400
1044480
1720370
1730630
1818940
1691360
1404560
1612920
1585440
737520
1639890
1506280
1610230
1502800
1597270
1609390
1792010
1674060
1720160
1302220
1481000
1502680
1548830
1560450
1602380
1627610
1710810
1746500
1764670
1801560
1497230
1707780
1812280
1841060
1651960
1520270
1494140
1263350
1302570
1505560
1456020
1349120
1687670
1363160
1586840
1113030
1583650
1571010
1759440
1380400
1513110
1600720
1646390
1738420
1745800
1382910
466980
1425730
1587180
1490060
866270
1597060
1663410
1731590
1522260
1492450
1472600
1497080
1635020
1279920
751490
970220
1066470
1175250
1218140
1249680
1305120
1345280
1392150
1453010
1481630
1507860
1507950
1535290
1538350
1552740
1561880
1567380
1568190
1581860
1592370
1600550
1614960
1622840
1642640
1655740
1681520
1682450
1696090
1699690
1700140
1708710
1718040
1723190
1756960
1758440
1760040
1777160
1732190
979070
1099220
1519640
1717810
1517970
1440500
829590
1562940
1765540
1720090
1686540
1289830
1473220
1497650
1518360
1554160
1668890
1683620
1706940
1739200
1775750
1799180
1255050
1697600
1447000
1814630
897610
1066180
1413970
1556870
1258780
1528560
1083870
1516760
1588940
1677260
1698630
1707840
1719870
1572340
1584450
1057990
1713190
1346210
1533500
834920
1028090
1275150
1282610
1447060
1473820
1499180
1582950
1104280
1011670
1360450
1113570
924070
1628270
978520
1652680
1475400
1580780
1566540
1630650
864430
1633660
1193590
1564550
1798210
1388650
1500970
1565670
1533280
958850
1485100
1500380
1108750
1590360
570950
1591670
1444770
1492250
1499990
1600890
1814950
1732050
1503670
1074070
1596440
684840
1137270
1196240
1212150
1274970
1305130
1367980
1397000
1412180
1433870
1439460
1456810
1459570
1465330
1479840
1556150
1559840
1564280
1567930
1570320
1571540
1580600
1591950
1605720
1612160
1631780
1665200
1682840
1684120
1771930
1780720
1814270
1814870
1820890
1835090
808010
777460
1165960
1378710
1391050
1484600
1560130
1668530
1668640
1686850
1724010
1483310
892860
1349830
906470
1334650
1408570
1645140
1689750
1788120
1829730
1833890
1639430
863230
1655410
1697460
415780
1492640
1516320
1563780
1619080
1788430
1802700
1845610
1435780
1684080
1157220
1570510
1820060
1770550
1425510
1787150
1804580
1219620
1576130
1606580
1075740
1628760
1259790
1825740
1410860
1827180
953330
1208540
1260020
1562930
1567260
1721470
1611490
1655660
1586750
1290260
1186050
1509080
1702760
1751560
787810
1295790
1528570
744260
1475890
1532260
1545700
1561560
1630490
1752610
1794400
985830
1493450
1408710
1629710
1360270
953880
1542100
1465050
1337000
1362650
1447640
1545570
1556420
1564980
1568720
1577750
1583910
1652720
1684830
1712820
1718650
1730760
1737150
1746970
1760320
1802210
1806400
1814990
1820720
1731870
1497950
1338100
1357430
1491040
1577470
1598810
1631540
1689250
1722040
1574800
938860
1051950
1661270
942990
1169110
1287240
1482940
1503430
1519770
1523680
1532920
1543790
1605890
1622180
1630690
1630800
1639760
1646710
1652300
1652650
1666070
1697810
1702780
1703650
1709210
1712360
1713470
1737200
1737600
1739160
1746770
1755600
1770440
1784580
1793040
1836600
1848140
1584750
1693040
1341300
1533720
1807480
1394500
1578050
1706610
1790630
1497000
1502710
1096100
1511630
1546940
985510
1523400
1639650
1588160
1278060
1637070
1530920
1549240
572620
1777830
1175830
280720
1447920
1590320
1069650
1414430
1333490
1030310
1667160
1473550
1480540
1801860
1524350
1534850
1771730
1137300
1415320
1521600
1634190
1652960
1690880
1460610
1515820
1557840
1552460
1744750
1489630
856110
1033000
1153520
1204080
1443330
1493240
1506610
1509750
1513460
1516350
1528200
1532760
1610860
1624210
1627360
1654860
1663650
1726850
628200
1586830
898720
944920
1344530
1452200
1713640
1825650
1644310
921800
1433990
664000
888530
1714460
1389610
1244630
1073910
1448520
1464620
1550020
1600130
1731120
1650250
1055610
1187840
1521870
1702320
1641860
1361000
1423600
1294780
1348680
1614850
1676550
1332370
1416760
1575730
1617900
1629320
1735240
1106140
1748890
1646580
713740
821920
915360
1153850
1241230
1280060
1330100
1348250
1437120
1450270
1538340
1576830
1579530
1581280
1604450
1641410
1648040
1650670
1651360
1682030
1692390
1693090
1702880
1704980
1723570
1736670
1743230
1744400
1750640
1751110
1752090
1756480
1763550
1771880
1812400
1340640
735290
1167140
1639990
654890
1590730
1563700
1655250
1507420
1536720
1548870
1600870
1748310
1605960
933820
1700700
1489130
1069530
1674150
1546320
891360
1758950
1229270
1649570
1248390
1435960
1468430
1504260
1517530
1519050
1540330
1559960
1571120
1637030
1645570
1681020
1712420
1720210
1737240
1749840
1777090
1800900
1806640
1811900
870870
1479990
1485050
1573430
1646410
1661700
1798970
1320100
1422940
1707560
1165450
1425580
1797610
1559300
1123830
1433420
1691400
1577320
1200900
1301390
1503280
915600
1610470
1573730
1349850
1520680
1801220
1719660
1418870
1627040
1514930
1660520
1294450
1297090
1301520
1328510
1506520
1510410
1522710
1543750
1561870
1563840
1566840
1586350
1639920
1674880
1675100
1790380
1810230
1116260
1262930
1763520
1493910
1543760
1547300
1583140
1594120
1616580
1643280
882250
1133120
1382790
1603260
839410
863940
1182530
1487450
1532520
1694270
1700800
1729590
1407090
1528120
822660
843560
1091380
1283660
1350440
1364580
1463130
1495080
1496990
1512570
1526340
1532110
1537090
1563550
1565840
1579000
1580770
1581240
1583170
1597470
1601670
1602440
1608890
1610700
1613220
1625100
1637540
1659340
1662790
1671710
1676570
1729260
1739770
1747110
1747310
1753440
1775470
1814110
1823540
1824990
1826480
1137450
1430970
638130
811070
922820
1344430
1488620
1495920
1498940
1514650
1559920
1568920
1613960
1622690
1637410
1663390
1697080
1744380
1782260
1821960
1468220
1159680
1520900
985650
1619540
370770
1592260
1523670
1686620
1711080
1739100
1104340
1611710
1271700
1508660
1590270
1783090
1253190
1593860
898920
1474860
1501090
1502630
1618450
1665210
1184010
1505470
1563320
1592880
1620640
1761040
1817610
1624380
1692700
1379270
1597110
1700250
1701380
1188270
1778590
1277500
1317950
1502620
1311070
766570
1834690
1252330
976900
1506760
1571140
1501120
1771520
1188900
1602980
1096690
1573170
1145340
1684840
1585020
1572420
1589380
1361670
1518440
1329510
1503920
1511870
1418020
891370
1535200
1783700
1449320
1682410
1131530
1473880
1495380
1522280
1551030
1675620
1508490
1703230
1194670
1267170
1342360
1428970
1431450
1479540
1505010
1511450
1540430
1542060
1549980
1579730
1582990
1587350
1591540
1605130
1650400
1655920
1700130
1707040
1729710
1462730
1404500
1285040
1632500
1717410
1316160
852220
1192900
1263750
1490180
1564950
1682130
1751780
1774080
668550
1449100
811970
1090700
1218480
1234020
1237310
1355360
1373250
1388510
1413670
1421390
1450210
1461090
1466260
1480910
1482800
1493460
1501800
1503750
1509790
1509810
1511310
1525970
1534930
1537430
1544480
1549140
1553200
1555950
1557670
1566460
1575690
1592990
1598180
1611800
1636270
1648050
1649280
1678280
1678700
1689930
1693680
1698290
1700240
1708970
1712020
1731470
1739150
1741730
1747850
1749720
1761660
1779810
1781270
1783490
1791400
1803490
1805230
1845760
757820
1444190
1551010
1559330
1572830
1574620
1592980
1612030
1637630
1668820
1709580
1711690
1783750
1617270
1194560
1542670
1706870
1755880
1384290
1694960
1720140
1689480
1635030
1699280
1738490
1803840
1389550
1634950
1644920
1826290
988930
1406200
1415660
1312960
1280780
1631640
944710
1610320
1610650
799830
1556200
751630
959880
1640540
1650830
1496320
1173780
1310970
1611300
858820
1512240
1612620
1668610
1427760
1158890
1709460
1607980
986070
1193430
1594420
1604690
1605480
1614920
1618740
1653330
1666320
1659800
1545290
1101030
1133050
1385940
1542290
1274360
1762010
1764050
1623080
1647250
1140740
467400
1835840
1027060
1163730
1252190
1280730
1287640
1370060
1394320
1432970
1480040
1494180
1494680
1553840
1575860
1627150
1641210
1685840
1686060
1715470
1731930
1757470
1763600
1808690
1501970
1526750
1304810
1338790
1587200
1693660
1785370
1805250
1596750
1543150
1700180
1581220
1251970
1554600
1576060
1476230
1571070
1610820
1612910
1782620
1398070
979310
1434350
1489290
1500800
1589010
1591300
1642040
1819970
697900
1686130
960030
1441180
1243200
1152160
1574000
1511970
1799560
1842390
1583570
1126890
1177400
491540
1029550
1511690
1320230
1432760
1512860
1579310
1597200
1631160
1690360
1707050
1782880
1784990
1794520
1600320
1189190
1222830
1274280
1380890
1410850
1430690
1434850
1439400
1455080
1463960
1480630
1482530
1483580
1491190
1492290
1495400
1513790
1516360
1517870
1522070
1536740
1540570
1555070
1561920
1564670
1576570
1580420
1589560
1589920
1597820
1608220
1611650
1611930
1633050
1639140
1642110
1647360
1661390
1667590
1669560
1680530
1682210
1691860
1702100
1705350
1719470
1721690
1723760
1729730
1744460
1746210
1749020
1753890
1754200
1780880
1787840
1796900
1810430
1818770
1825540
1832380
1833920
1838220
1454520
1159860
931320
1456290
1573080
1668720
1453850
521620
1544510
1836550
1577970
1632210
1280300
1739000
872200
1623420
1202690
1630960
1290090
1600820
1620580
1735850
1815370
1342100
1343040
774211
877870
1132180
1305450
1346420
1354540
1494670
1527170
1532780
1598220
1625370
1634600
1696200
1452500
1196470
1362310
1761630
1528240
1005120
1451120
960040
1307270
1325910
1366960
1550230
1559100
1515230
1620890
565080
563410
965390
1244520
1383650
1416290
1422290
1433410
1451760
1482330
1492610
1506710
1509720
1519140
1557200
1572800
1593660
1611850
1624180
1627420
1632650
1633580
1642540
1660750
1679690
1751230
1764240
1770540
1780260
1780300
1791710
1795550
1824390
1827760
1677490
1603170
1714740
1400700
1535190
1744910
682140
1392340
1309820
1754260
1459500
1218810
951430
1435010
977920
1096360
1373670
1538750
1547030
1558180
1593040
1596580
1686530
1782230
1805260
812070
1531250
604510
979690
1342260
1126580
1328490
1536210
1415410
1774100
1445240
1630630
1517810
1554080
1721020
1710750
1553890
1705520
1532360
1547160
1525410
1630910
1632330
1746630
1755980
1560770
1770460
1502110
1700890
1780940
1297800
1503390
1515400
1568310
1733660
1782710
996370
1511330
1573420
1081670
1343750
1049710
1231940
1205480
1514360
1358530
1610410
1642620
1062550
1294720
1501980
1519040
1536600
1556250
1573540
1590920
1604440
1764250
1783380
1791870
1813340
1773200
962700
1158420
1316560
1393660
1530650
1042380
1586880
1139310
1339860
1711840
1156120
1726360
1480930
918570
1430240
1278760
1337880
1395120
1555080
1560590
1562400
1582960
1586970
1746130
1761560
1770160
1826920
728090
1179570
1182280
1210960
1255920
1380480
1392770
1418990
1453130
1463570
1471460
1472060
1485030
1513640
1517440
1517510
1522640
1531030
1532750
1537980
1538400
1541100
1553530
1564140
1571030
1571840
1572220
1575040
1582160
1583690
1587800
1599590
1606520
1606800
1616050
1620060
1621950
1624470
1625710
1632030
1637520
1640210
1650320
1663870
1672700
1681540
1682070
1686810
1700680
1703120
1706150
1708730
1710570
1720790
1740320
1760590
1764410
1767760
1778100
1788900
1792280
1798130
1815350
1819300
1819630
1820350
1237510
1380830
1524340
1587190
1629600
1668830
1340180
1503850
1386770
1502980
1830910
1097750
1610330
1630360
1442820
1157670
1283370
1372180
1488750
1558730
1638100
1642940
1603200
1736630
1051580
1273600
1423280
1434760
1498490
1499210
1507630
1535360
1543820
1578890
1581660
1586980
1619060
1627410
1644020
1658650
1673620
1688290
1705760
1714680
1724130
1756330
1767610
1776900
1779220
1796270
1557780
1618540
1281420
1151620
1650020
651150
1083600
1357670
1601850
1773320
1834500
1566620
1570730
1387590
1565080
431950
1659210
1636350
1666720
887450
1614380
1005240
1372220
1598730
1497110
1342410
1485450
1487120
1543970
1635620
1779990
1686820
1543430
1489400
1599630
1108590
1026100
1499560
1091460
1572450
550840
1121200
1569350
1666310
1322370
1421710
1491530
1492000
1507850
1508640
1558290
1570650
1600970
1653650
1691890
1699740
1703600
1785460
1794760
1800830
1814510
1831050
1623930
1586820
1361680
1195560
1408100
1227570
1479150
1100300
1518200
1694450
1788800
1015890
1552080
1420080
1287840
1074630
1394550
1412840
1487800
1554460
1561060
1684330
1710250
1741210
1825910
1425370
1507180
1596610
1393370
458660
1687980
1573720
1346960
1615060
1637740
1070860
1582510
1621680
1607040
1420290
1426530
1631850
1737690
1366770
1487870
1741140
269190
1689680
1661930
1719460
1118410
1557230
1662920
1719390
1817400
1828910
1267540
1552810
1580790
1017160
1754840
474040
869640
1090020
1120750
1131880
1335500
1356860
1366930
1419870
1463840
1493560
1531070
1532830
1537970
1542170
1548270
1573130
1573620
1574530
1575960
1584440
1599130
1599390
1603990
1615890
1620020
1632300
1638930
1644190
1654730
1705020
1713910
1737620
1749420
1755650
1762920
1765960
1772920
1789560
1793910
1801620
1805210
1806830
1825670
1590640
1757880
1211740
1406250
1492480
1566570
1660180
1714180
1732240
1158370
1485340
1671250
1685880
1442240
1490410
1451680
1414850
1525620
1552730
1819020
1288560
1483890
1524020
1583900
1640930
1664910
1733030
1740570
1752760
1824440
1386780
885970
1460040
1024460
1765690
844260
1145380
1298310
1305390
1332220
1412650
1434940
1475260
1495460
1502180
1510890
1534290
1542710
1545590
1558440
1578980
1593220
1607430
1639780
1648230
1809610
1812850
1814260
1557060
1104610
1270720
1291230
1371780
1427030
1491790
1538600
1564920
1567060
1578570
1693610
1809560
1485650
1787810
1131080
354780
738700
1263540
1270890
1323220
1349890
1375440
1386280
1391610
1411040
1412260
1427300
1437370
1450640
1456770
1471730
1501500
1502540
1506020
1511400
1516940
1519730
1522970
1527640
1530240
1533870
1536690
1538480
1538770
1542820
1548010
1549640
1550380
1551830
1562270
1568790
1570680
1571450
1571640
1573220
1576050
1577410
1580750
1583180
1591200
1598840
1604100
1604700
1605240
1607500
1622030
1624980
1627660
1638450
1639390
1657150
1659710
1665610
1668630
1671610
1673470
1677300
1678410
1683140
1697730
1699970
1704260
1710490
1715330
1716160
1716270
1720740
1727840
1730340
1733100
1739480
1749310
1751700
1757430
1757870
1763590
1764970
1766250
1767580
1768790
1769280
1772270
1774910
1777010
1785750
1786300
1789440
1793400
1795080
1796500
1807640
1809170
1813400
1821060
1835790
1857150
1392780
651490
1131930
1800890
1755890
1401150
1475200
1377580
1673740
1332090
1524650
1770660
1252240
1584840
1528860
1674620
1714440
1557420
272230
919330
1451970
1408860
1034040
937960
1164290
1551150
1538570
1526180
1494440
1451410
1806000
1592680
1725850
1405470
1356280
523070
1465950
1573300
1270620
1509040
1084360
1252170
1440850
1617790
1687060
1753010
1506230
1497590
1588190
1765180
827330
1522660
1511230
1554130
1692620
1710290
1760160
1837920
1076750
1558490
1336070
1587240
1755470
1472560
1584330
1643660
1482840
1617480
1482880
1519020
1525650
1551080
1553650
1597170
1600080
1623690
1664050
1699830
1765820
1805670
1374840
1477770
1508570
1565220
1637910
855550
1466680
1701140
574180
1525420
1562860
646830
895760
1056330
1079860
1081070
1083350
1159430
1190910
1280940
1292410
1342220
1349640
1462760
1473170
1491400
1512320
1544150
1551290
1560850
1576840
1579590
1580380
1581050
1586270
1600020
1611640
1624570
1644600
1650390
1653060
1683910
1690860
1693230
1699870
1726590
1764650
1784600
1793560
1797580
1797940
1818340
1273690
1524400
1524530
1574750
1087620
1286380
1347880
1419130
1423140
1480050
1497600
1507990
1553740
1555770
1600810
1611270
1614500
1657600
1661580
1698440
1719880
1743120
1797040
1726730
1592230
1604350
1545850
1675600
1337710
1540410
1576230
1576720
1584720
1795770
1417730
1097200
520950
1648610
1477630
1662740
1697940
380680
1476520
1577160
1498250
1592740
1622680
1647000
1187130
1352850
1297300
1458620
1476100
1644200
1789270
995270
1101620
1176890
1387000
1582090
1590680
1600260
1674440
1673600
680030
1766420
1013910
1545600
1742840
1573060
1426120
1556860
1788100
1732210
1346740
1433010
1445440
1820160
1048530
1122690
1602490
1767270
1183700
733460
1105740
1169740
1780270
669500
1352080
1534550
1325310
1550750
1544460
1747330
1249430
1318550
1345400
1354940
1527270
1552400
1554780
1613950
1652710
1667240
1675920
1782270
1817310
1360600
1429610
1600100
1682520
1581820
1614740
1829490
1726870
1656240
1596380
1571180
1788170
1674770
1596370
1414770
1546950
899460
1522140
477120
970760
1073350
1104150
1141160
1141860
1211050
1298130
1301410
1319060
1325420
1331240
1336690
1353330
1358320
1365500
1393950
1399210
1414550
1433490
1443310
1444490
1450880
1455490
1457340
1457500
1470870
1476410
1493490
1493930
1501790
1507270
1508220
1517110
1517560
1518320
1519650
1521960
1522300
1524150
1524290
1524920
1529800
1533780
1535960
1537410
1538240
1540600
1541280
1546910
1548660
1549000
1559060
1559270
1562760
1562880
1564240
1564580
1565500
1565720
1567670
1573800
1575160
1576990
1580140
1582790
1583610
1583830
1586570
1589260
1595460
1597970
1603190
1604110
1606890
1609030
1609170
1616270
1621920
1623560
1624890
1627480
1630340
1630760
1647240
1648160
1651020
1656850
1664100
1666240
1674490
1675030
1676450
1683050
1689220
1691380
1694380
1694830
1696020
1699170
1706240
1706390
1714960
1715660
1715950
1716050
1716220
1716250
1717120
1728100
1730150
1736000
1741670
1743660
1753670
1757420
1759840
1761680
1763060
1765260
1775500
1777840
1783910
1785080
1785450
1788500
1788790
1789100
1794690
1804590
1804820
1815450
1829500
1834940
1839260
1841350
1505620
1488860
857740
1301230
1396450
1416720
1515420
1543030
1194590
1396980
697950
971040
1298850
1452910
1475650
1522230
1529410
1532840
1549620
1558630
1560890
1588620
1594810
1598600
1611760
1663730
1664010
1723820
1761130
1778780
1808080
1558100
1493760
1793020
1192550
1595350
1610060
1727810
1397800
1517230
1531010
1566340
1743580
1814490
1499800
1531550
1218940
1569820
1658080
1676620
1720950
417020
638060
1174450
1175540
1193490
1212370
1384880
1385920
1397060
1404870
1406090
1439970
1487100
1488740
1494310
1494370
1500350
1501150
1513950
1517930
1526330
1530130
1534350
1544250
1545350
1547780
1550460
1556920
1563770
1566580
1566820
1575290
1593080
1605190
1627710
1639860
1641080
1645950
1679590
1701930
1706470
1717370
1742500
1787420
1804740
1828710
1536420
1550600
1812960
505740
1397290
750130
1156510
1550990
1290780
1477890
1479940
1498450
1544580
1550080
1632160
1641520
1745550
1110910
1708460
1449000
1454050
1524110
1337650
1662220
1742530
1535610
1360550
1649290
1757760
1325970
931070
1455220
1678710
1000000
1076610
1235450
1558670
1315360
1398660
1408760
1451030
1482050
1496430
1533070
1539810
1557430
1598970
1629060
1635210
1803690
1069640
1641450
1508950
1144090
1724840
1812130
1412190
1593750
1721940
1099410
1300620
1482910
1294340
1480560
1486620
1278190
1502920
1301930
1605580
1577240
1584040
1352540
1527930
1532800
1579190
1594890
349510
1265090
1516400
1639580
1218170
1529110
1510860
1455040
1548930
1564930
1585250
1660570
1671200
1477050
1696230
667270
995170
1301860
1365590
1384530
1434330
1458340
1470380
1505450
1509520
1528880
1537600
1540130
1543120
1566120
1567950
1573160
1598350
1630500
1637820
1641230
1662750
1667120
1669930
1675480
1683200
1716770
1734470
1760140
1776490
1780520
1793240
1798430
1812840
1821430
1823940
1825080
1612810
577230
1418430
1794440
1185360
620890
1508260
1605440
1779230
1525490
1245370
1509360
1514030
1349030
1596980
968970
1598930
1169520
1485190
1674810
1528000
910490
1333530
1503040
1414000
1646790
1069690
1478050
1240440
1485350
1072110
1397760
1449670
1483130
1496680
1542120
1564100
1564940
1568480
1649030
1660370
1758200
1767890
1806580
1818250
1476450
1490840
1543590
1757680
1532170
1523370
875760
1134020
1457490
1672840
1063730
1515290
1474700
1295810
1753220
1570720
1177330
1377030
1421410
1487560
1500980
1537390
1547900
1559280
1589070
1623090
1624460
1690060
1712730
1745620
1750410
600200
916480
959510
1069150
1288650
1408050
1410140
1411460
1425050
1470150
1483610
1489330
1501920
1501950
1502770
1505270
1507260
1508370
1516950
1534480
1544140
1546550
1557760
1559970
1564660
1570050
1570420
1583950
1594370
1596240
1600300
1604840
1612550
1617160
1628000
1632880
1636550
1639400
1643040
1673360
1675430
1688310
1689420
1701650
1702540
1709030
1714010
1730840
1741420
1747440
1755420
1757970
1768800
1778310
1784980
1791430
1793060
1794220
1818830
1840430
1531750
1597580
1548050
1537480
1508200
839740
1518190
1509340
1044760
1347130
1505400
1570850
1697190
1703740
1749300
1755460
1243890
1454390
1552960
1586530
1730100
1278750
1504460
1541850
1684900
1519070
1623380
1516750
1507490
1631860
1541840
1354230
1546010
1666510
1571170
1537820
1611830
1795180
1323900
1258220
1236780
1507910
349710
696630
841110
958670
989380
1148390
1149800
1157200
1181650
1211370
1251090
1281690
1295990
1308150
1329270
1373990
1388740
1389780
1408810
1416770
1417020
1440330
1446560
1448640
1459250
1460260
1465310
1466110
1466530
1475700
1477250
1478480
1481160
1482740
1488150
1490030
1490330
1495110
1495120
1496210
1499400
1499980
1500480
1505840
1507930
1508230
1512350
1514430
1516610
1517770
1519530
1519880
1520830
1521820
1522040
1524580
1528980
1533980
1535880
1536190
1537850
1539360
1539870
1540550
1541590
1542160
1542930
1543690
1545880
1547480
1549130
1551770
1557300
1560050
1560400
1561500
1564010
1564130
1565630
1565780
1568240
1569990
1570620
1571750
1575270
1575380
1577350
1583450
1585340
1585750
1588590
1589440
1590500
1591190
1591850
1592420
1595540
1596130
1597650
1600620
1600700
1600980
1601890
1607450
1607770
1608780
1608820
1608940
1615470
1619890
1620070
1623640
1629150
1629650
1629770
1632920
1635650
1653250
1654920
1655020
1657020
1659300
1659560
1665000
1665010
1665120
1668950
1673370
1673720
1680690
1684230
1686250
1688530
1690390
1690500
1696290
1701470
1707450
1708290
1710590
1713770
1714090
1714760
1716660
1719990
1720770
1721510
1724060
1727310
1727910
1728130
1728280
1730390
1731450
1735090
1735600
1743280
1744200
1744510
1747800
1748090
1749410
1749480
1750540
1758060
1758640
1765510
1769150
1772070
1779240
1785560
1796750
1805810
1813300
1813990
1814150
1817140
1825010
1825180
1831010
1842300
1843900
1844640
1132030
1362830
1700940
1612140
1609160
1557700
1692210
1575710
1498310
768520
1508900
1753400
1736360
1676580
1777760
1527260
1695840
684450
951930
1448260
1203600
1305940
1360010
1380490
1444420
1480740
1509840
1512960
1533560
1540830
1548620
1573250
1605230
1620800
1650080
1655430
1678050
1678520
1709450
1717660
1733480
1743720
1744050
1793370
1804360
1832930
1288430
1502230
589450
1652030
1358610
1294650
1431950
1648900
1761860
928990
1505430
1505980
1543210
1546770
1639730
1670010
1700780
1384170
1384820
1398630
1414240
1519550
1520260
1633210
1651730
1660560
1684220
1780990
1467070
1474880
1506430
1607620
1720040
1781840
1571690
1831530
1059740
1303480
1492570
1630890
1706670
1844580
617980
1140180
1527780
1537800
1538650
1540910
1559810
1585230
1729070
1734890
1754760
1758360
1787650
1715130
1739630
1627520
1659650
1223680
1151250
1792710
1696820
1658830
1517470
1673040
1695670
1763740
1612480
1197570
1078760
1493800
1628750
959150
1765160
1468240
1535500
1596640
1243830
1530340
1706570
1528550
1551510
1358260
1251850
1608110
1731720
1549850
1119840
676070
1588460
1795750
1510380
1594340
1814160
1834310
1749980
1462810
1447470
1567200
377300
1437770
1604540
1420300
1516490
1101790
1511830
1694100
1509350
1520170
1788040
1595710
304870
863970
1249190
1257300
1369730
1375280
1387120
1395890
1404630
1409520
1441500
1452870
1474280
1474440
1476950
1485970
1492260
1497510
1498840
1500060
1533650
1537540
1545280
1545780
1545970
1547580
1547630
1547910
1550100
1550630
1558750
1575100
1592020
1593590
1593760
1607640
1624900
1626130
1630940
1633750
1667840
1677520
1677800
1693210
1703100
1704820
1720220
1742080
1746280
1751480
1754520
1756950
1762450
1766550
1790470
1791410
1795560
1797710
1808860
1831320
1832250
1172650
1048350
645270
1725950
1410100
1498600
1500290
1600090
1683720
1715000
1797840
1821140
976590
1596310
1503990
1731270
1375070
1781710
1059850
1221650
1351510
1479470
1505390
1590840
1591910
1637970
1661240
1714300
1793120
1838560
1184890
1505540
1669160
1690150
1771380
1094540
1740000
985240
1352560
1386510
1487420
1499640
1507740
1521490
1530230
1564710
1566990
1574850
1578540
1601040
1625510
1630880
1644580
1652780
1673840
1697620
1707770
1719890
1838800
1062130
1229960
1373470
1506640
1526090
1527380
1541530
1594950
1609300
1622830
1662350
1662830
1680560
1694500
1729370
1734790
1767860
1811710
1819340
1690730
1672490
1744670
1811480
1371480
1729790
421190
1105460
1225820
1576600
1680250
1579320
1378350
1690820
1771430
774791
1063980
1805040
1611460
708890
1570020
1626640
1485870
1503580
1533080
1719770
1764730
1576880
1721460
1788940
1561850
1368910
1504110
1472250
1519790
1045180
1450180
1252600
1476170
1679740
1322300
1471080
1572330
897730
1286880
1685460
1690530
1419380
1607400
1621200
1698400
1751710
1784470
1044110
1548540
1562800
1763110
606500
1094710
1701090
1524630
1369760
1730920
1422300
1290350
1513860
1674030
1757750
1608550
1493060
1506450
1703480
290180
1446980
1480410
1559460
1589540
1612110
1658530
1659950
1681560
1795980
1809730
1253710
1437050
1502120
1596070
1554380
1599210
1638130
1668670
1705560
1109160
830370
1270670
576480
1363360
1597040
1457730
550370
380650
726450
740330
751940
931680
937090
1004580
1024850
1175490
1185140
1296550
1324710
1346320
1349170
1361050
1386310
1397300
1399180
1399280
1399600
1417310
1422270
1432020
1433110
1434440
1439010
1442080
1448630
1456260
1459210
1461570
1464630
1469450
1473640
1475000
1476720
1489020
1491180
1491290
1494780
1495100
1500230
1503000
1503270
1504580
1505220
1505570
1505670
1510390
1511540
1512660
1514170
1516340
1516450
1519000
1519680
1520570
1521900
1525540
1525560
1537930
1541750
1542010
1543020
1543940
1544110
1546120
1549570
1550050
1551480
1555540
1555780
1556430
1559560
1560730
1561780
1563380
1564970
1565150
1565200
1566500
1567870
1570480
1570610
1572230
1572970
1574610
1575900
1576020
1576770
1577680
1577990
1578710
1578760
1580980
1581310
1582260
1583660
1584530
1586510
1587210
1587950
1589670
1594970
1595300
1595340
1599110
1600070
1600200
1600210
1600240
1601800
1602170
1603480
1604320
1607780
1609070
1610530
1612280
1613230
1619040
1619390
1624160
1624780
1625280
1625670
1627230
1627920
1628470
1628790
1629220
1632000
1632990
1634290
1634540
1635150
1636050
1637570
1640080
1640260
1644030
1645770
1646470
1647010
1647020
1651750
1658770
1659320
1660500
1666090
1666770
1669130
1669390
1670210
1672240
1672420
1677510
1679070
1679490
1680260
1681900
1683960
1687050
1688250
1692520
1692570
1692990
1693390
1699320
1707100
1708300
1712680
1713170
1715720
1716230
1720180
1721480
1722310
1723730
1724410
1724570
1727430
1730160
1730380
1731700
1732260
1732730
1733090
1734810
1735010
1742750
1747220
1750900
1751990
1754510
1754940
1761790
1762560
1763330
1764230
1766310
1773110
1774390
1775160
1779670
1781980
1785600
1786100
1786490
1793000
1793780
1800290
1804070
1804600
1808350
1815430
1818580
1824740
1831780
1833190
1837900
1840120
1841680
1847920
1706640
1169690
1195830
1003120
1222480
1357990
1447080
1447420
1466610
1477870
1479610
1501390
1507640
1536870
1543470
1566960
1608980
1633740
1647700
1663580
1689980
1729150
1737280
1772750
1787010
1790800
673210
1460870
1508620
1509400
1527830
1572190
1736900
1149460
1456650
1553230
1733300
1519900
1586300
1564760
1602990
1800300
1347630
1624850
1702550
1791640
1641650
1124300
1229460
1469550
1325270
420550
877610
1168850
1199050
1378260
1408160
1409190
1454190
1467340
1484250
1498220
1506970
1530440
1532400
1557100
1560580
1563720
1564590
1565580
1571330
1579010
1579490
1588950
1594170
1596250
1607100
1607370
1625610
1634450
1639660
1653170
1663970
1709950
1710550
1728080
1754480
1788700
1833670
1843750
625340
1660990
1590750
1491170
1646890
1686050
1770810
1550260
843230
897740
941600
1012430
1220460
1224420
1258960
1270330
1297540
1331610
1333280
1341310
1384330
1395450
1404010
1409260
1413600
1446670
1451570
1478210
1478780
1502060
1503480
1505500
1513370
1515610
1517120
1519850
1521410
1525810
1542370
1544470
1547320
1548890
1553360
1556960
1557050
1560860
1561100
1561390
1561670
1567720
1572910
1574370
1575030
1576860
1577900
1577910
1580950
1581090
1585050
1617370
1633200
1637100
1645940
1646050
1650290
1650740
1653260
1653320
1663370
1663910
1677650
1697310
1705470
1710520
1722830
1739500
1744060
1756340
1758120
1758410
1761440
1762120
1765040
1778110
1778850
1782940
1784940
1785510
1792650
1795620
1807600
1816410
1819620
1824710
1825850
1847020
781130
1426310
1610120
1761740
1804130
1286770
1516900
1679340
1493720
1514480
1779710
1361400
1101420
1604020
1683900
1584300
973450
1418100
867420
1124940
1527980
1573790
1641010
1722270
1518300
1371690
1248120
1266890
1515180
1475570
1417490
1530860
1341460
1591470
1629470
965210
1098990
1114520
1359020
1474850
1516190
1520510
1528370
1561800
1568960
1572050
1585580
1674960
1756790
1807730
1844510
1693000
1722770
1480480
1629200
1564110
1738610
1256130
1443300
1666660
1477920
1761820
1573360
893420
1361660
1530370
1682580
1801000
762840
1449330
1676200
1678140
1240550
1501360
1444020
1480440
1819800
1368840
1385650
1422410
1590030
1522630
700600
1239020
1568730
1670240
1750330
1222370
1550710
1504310
982250
1202140
1253930
1313340
1464410
1474410
1489850
1504200
1513740
1515710
1562980
1576150
1603920
1621380
1622510
1685610
1761530
1772350
1776560
1824020
1832140
946720
1812070
1480030
1383160
1417320
1475180
1549160
1620860
1724780
1730290
1291220
1314170
1677180
1713720
1450170
1517960
1626900
1549180
1839590
1420510
1483300
1121140
1330960
1410360
1446470
1555310
1695200
597820
1394720
1560790
1593930
1203220
871120
374280
895110
930230
1609870
1587970
883880
1240790
1514690
1351500
1541710
1370040
1477480
1533700
1572180
1600140
1777350
1561660
1847130
1671550
1500020
1490460
763340
1827870
1309490
854210
1227680
1266900
1352180
1378670
1408480
1458960
1465370
1533120
1550680
1555570
1561860
1569560
1589410
1611890
1613080
1624220
1637120
1637300
1640880
1642190
1655520
1658370
1677220
1678760
1713620
1746780
1752430
1758870
1761230
1780730
1788920
1795110
1811590
1811860
1819120
1426730
1047640
1216600
1219070
1307920
1514620
1520610
1521920
1558420
1563860
1582740
1674660
1678960
1749460
1756710
1776540
1791050
1804280
1809770
508710
680420
1508360
963870
1437280
1501100
1519660
1535480
1570700
1674720
1831130
990260
1626600
1334010
1425410
1123500
1599150
752580
919010
1242630
1802570
871210
1458980
1214180
1583300
1758550
1385300
1338610
1712840
1185750
1199910
1279330
1637750
1623700
1199180
1455780
1487940
1639190
1608680
1413000
1497630
1543550
1582900
1646180
1670310
1774980
1788270
1780330
1526230
1595000
1576350
924970
514500
1252710
1794950
1803060
1562240
790410
1300700
767800
800830
909060
955300
1142030
1148710
1195140
1232890
1270970
1370970
1398410
1425260
1451920
1459020
1463350
1479320
1480600
1480690
1481710
1481960
1483030
1486190
1487640
1495140
1499030
1500250
1509130
1509670
1513690
1520290
1526160
1526690
1530790
1539090
1539250
1540920
1552090
1554500
1570990
1577140
1578920
1585590
1589460
1589880
1597900
1603270
1607970
1619780
1630740
1631430
1640120
1646820
1652260
1652480
1667540
1671090
1671220
1672200
1672470
1675690
1682980
1687780
1708180
1715780
1732660
1742820
1753760
1754770
1755130
1763120
1764550
1765850
1766650
1769720
1786660
1823900
1828400
1845370
1567370
606980
688120
949450
1000500
1151580
1303870
1333980
1502410
1502950
1510090
1531000
1538610
1562070
1570200
1575650
1580510
1587610
1588120
1603960
1608200
1633260
1649430
1655560
1668020
1683020
1705880
1717050
1778830
1811440
1812710
1844110
1540400
1052970
939870
1243360
1354060
1449650
1541690
1552240
1563830
1650040
1688240
1757690
1520110
1183580
1129730
1282080
1338320
1433120
1767310
1433100
1555270
1030060
1649920
1490250
1044980
1625110
1505420
1656880
1715830
1337100
755550
1362440
1581700
1675640
1498120
1807450
1361750
1503630
1515870
1701300
849140
1346130
1433440
1459300
1557550
1557710
1563030
1728550
1785200
1815580
1820910
1111830
1479480
1634110
1451080
1572440
1830870
933200
953060
1636980
1675020
1692310
934180
1610370
1696710
1715840
657060
678910
750610
793060
873000
879920
925120
972510
977270
1068720
1147460
1153100
1212480
1213050
1225040
1230880
1241460
1279220
1289550
1290100
1293610
1295910
1298750
1300650
1344690
1345390
1361720
1377160
1381360
1387300
1388420
1404770
1404800
1406630
1416180
1421600
1429700
1440790
1443250
1444370
1445890
1446180
1449290
1455020
1459530
1468190
1472790
1472810
1473130
1473540
1477560
1479760
1480860
1484660
1484970
1484980
1486180
1488420
1489520
1494230
1494580
1497530
1501760
1502490
1502610
1503060
1505690
1505960
1507310
1508440
1510720
1513240
1513700
1513800
1515730
1515970
1520690
1522020
1522120
1527960
1528800
1528900
1530290
1531200
1531270
1531290
1536590
1537010
1538370
1539040
1539950
1541730
1543620
1543630
1543650
1544720
1544820
1545270
1548030
1551340
1551910
1552040
1552830
1553480
1553850
1554920
1555500
1555900
1556040
1556550
1557360
1559180
1559370
1562440
1562550
1562740
1565870
1569340
1569540
1571210
1572460
1572850
1573240
1573710
1575320
1576540
1576900
1577810
1577860
1578300
1578750
1580040
1583840
1584500
1586010
1586540
1587530
1587680
1589450
1589830
1590970
1592860
1593620
1594560
1596810
1597670
1600190
1601900
1601990
1602810
1603460
1607740
1607820
1609600
1609690
1609800
1610110
1611280
1614620
1617880
1618000
1618090
1618140
1623220
1626480
1629160
1634130
1641330
1641840
1642600
1642690
1644220
1645920
1646660
1647490
1648250
1649440
1650680
1651260
1652080
1653860
1656210
1657200
1661760
1663560
1665050
1665780
1668800
1675150
1676060
1677630
1678930
1685010
1685500
1688960
1689060
1689880
1690290
1692010
1694300
1694320
1698040
1699120
1707280
1712490
1713830
1713880
1714430
1716190
1716790
1717160
1719200
1719680
1719830
1719960
1719980
1722590
1723400
1724510
1724670
1724700
1726790
1726970
1727090
1727880
1729810
1731630
1731850
1733230
1733830
1736140
1739130
1745240
1745880
1746420
1746640
1747210
1748240
1753730
1755170
1757360
1759400
1760510
1762720
1765980
1767490
1767590
1768000
1768030
1768100
1768990
1769220
1770350
1772340
1772840
1775100
1776800
1777910
1779590
1780570
1780900
1784950
1787520
1787900
1790560
1790580
1794120
1795970
1798820
1799820
1801190
1803870
1804370
1806200
1807320
1812140
1814610
1814800
1816960
1820090
1824820
1828160
1835370
1841220
1851970
1278150
944640
1145490
1418320
1517320
1538920
1560640
1569720
1569760
1616510
1647060
1676920
1686340
1744790
1761420
1782390
1785700
1822020
1810700
1197820
1736400
986310
854890
1585530
1506660
1577450
1590070
1591340
1623660
1530750
1503590
1394270
1598560
562620
816040
853060
1241440
1277140
1388400
1398730
1404030
1408590
1459170
1489610
1491120
1501530
1509460
1524810
1533570
1544740
1551730
1565970
1570290
1578170
1584140
1585330
1592120
1596330
1606270
1618340
1623340
1644680
1651880
1657290
1664980
1678740
1700600
1709820
1710500
1724600
1742350
1778770
1780380
1786270
1790760
1800520
1806070
1814560
1611150
1706810
1789660
1796950
982720
1460200
1454100
1544500
1710890
1536770
1031270
978300
1500100
1654440
1685850
1650110
1491770
1190820
1256830
1203370
1481060
1623530
1634830
1653700
1683070
1774970
1798300
1263070
1502760
1606950
1823470
1548510
1512200
1666260
1640180
907650
1340160
1119110
1414400
1436210
1474220
1478310
1483970
1528300
1540450
1540840
1563170
1580960
1590020
1604400
1652840
1766150
1784410
1793220
1797250
1816270
1818240
1819560
1830490
1026380
1401340
865610
1604060
1275660
1799280
1672740
1563940
1304780
1367020
1562260
1732650
1364290
1543080
1563850
1206600
1008030
1181900
1335360
1551850
1573350
1625790
1660430
1670880
1685030
1719000
1730980
1731040
1733460
1804300
1826500
1838790
414080
1734500
1557860
763100
1000770
1351070
1518140
1544080
1575910
1592550
1635600
1640130
1650890
1679990
1717880
1718920
1741130
1765060
1824830
1342790
1407140
1335800
1412560
1475140
1501900
1520280
1551050
1575430
1593100
1610660
1613490
1655550
1708610
1746370
1798480
1000280
1462060
1541240
1583630
1632310
1635920
1803420
1805140
1581250
1497940
1558430
1772130
1427700
1685560
1165910
1211180
1410740
1475170
1616690
1848160
1317500
1417050
1772780
1826300
1356580
1480520
1568330
1718070
944250
1700550
1753490
1228910
1694720
1787600
1802560
897380
1378080
1388320
1551160
1525770
760400
1161430
1791030
1521190
1579260
1448230
1694810
1659400
1780060
1486660
1673780
485130
681900
761730
960070
1091030
1140790
1212840
1228880
1265040
1326290
1358990
1367170
1384760
1394540
1399620
1406340
1407950
1409560
1418610
1420400
1426570
1437890
1445650
1446750
1455110
1466840
1491730
1493590
1500300
1503010
1508410
1509150
1510040
1511610
1519910
1525210
1525270
1530070
1531930
1534250
1534810
1537340
1542430
1542450
1546350
1548110
1551330
1554320
1555420
1561530
1564690
1567690
1569120
1571480
1573500
1581380
1581670
1582870
1588000
1588130
1588600
1589520
1594310
1599710
1601790
1629250
1631400
1633020
1634320
1635780
1639480
1642800
1650790
1660270
1660300
1662450
1666850
1669030
1675500
1676030
1676090
1677840
1678550
1681080
1686520
1688690
1689410
1692150
1693540
1697050
1710200
1711070
1711530
1711540
1711940
1715290
1716210
1721300
1723740
1723920
1724040
1727600
1730670
1750280
1752410
1758600
1759980
1773990
1783060
1785530
1787440
1788970
1803530
1807150
1819540
1820180
1825200
1831100
1849870
1709920
1678030
1062000
1079830
1425550
1585360
1563160
1094730
832360
1512070
1634940
1669050
1779190
1597220
1194720
1265690
1423720
1483330
1135300
1342050
1636200
765450
1585680
1580480
1654190
1693190
1776350
1793840
768180
1262140
1472160
1640030
1686470
1766200
1796910
1193790
1219080
1234110
1397820
1426560
1441760
1462580
1488670
1492590
1510740
1513090
1532380
1535900
1542490
1556540
1564020
1569920
1571730
1586110
1595950
1600760
1601380
1629190
1642350
1645070
1647990
1657080
1658050
1659490
1664130
1665570
1671500
1673540
1681620
1684760
1690240
1693380
1694530
1694620
1740270
1740890
1745410
1790640
1819090
1831930
1841270
1515460
1337810
1525600
1383760
1412070
1555560
1606590
1606760
1659470
1840700
1304340
1531720
1487390
1484560
1704760
1599270
1641580
1642590
1655090
1663890
1766380
1806940
1510580
1001690
1049870
1132770
1198490
1429040
1432890
1453230
1463700
1506940
1540420
1559850
1561610
1574030
1577150
1590000
1592650
1599520
1606770
1641220
1648460
1653200
1684920
1690640
1713400
1759460
826740
1469220
1573700
1341620
1342240
1530670
1562470
1588510
1618240
1633460
1670890
1672630
1687030
1708210
1745220
1769630
1782320
1813730
944750
1395080
1531610
1575540
1592930
1616870
1626110
1645670
1647070
1649820
1665520
1678450
1680050
1725480
1740710
1746150
1804340
1807980
1818800
853140
1756160
1735420
1253860
1469160
1625960
872720
1526260
1553420
952240
1562020
1046490
1667730
1516440
1494960
1802330
1525460
1557510
1833050
1730910
1387510
1638140
1313580
1746890
1303590
1661180
1735230
1658620
1551920
1405810
1684820
1639340
1525040
1630180
1633110
1646560
1612540
1308500
1211830
1524230
1639120
1524470
1084120
1172730
1520120
1547070
1564520
1609440
1625260
1633060
1637490
1784750
1424800
1571340
1471250
1494860
1568070
1589360
1590790
1633830
1700110
1801030
1828510
840210
1148770
1417000
1449500
703970
1509220
1515280
1527290
1509850
1350430
1598300
1336500
1544090
1623240
1672960
1569140
1376580
1497700
1690270
1486120
1559160
1787820
1058800
428910
1108680
1122250
1398680
1586850
1590180
1611540
1639130
1686370
1742850
1751190
1772710
1807310
1407080
1581080
1402420
1346830
1571950
1684210
1519130
1361840
1607170
1355760
1361180
604230
913720
1491550
1531730
1500110
1503930
1523100
1532150
1568500
1574720
1592390
1612850
1635120
1638870
1682790
1688470
1700040
1738630
1767990
1786730
1511650
1832560
1448760
1233590
1548240
1512470
1541790
1597430
1307370
1717170
1743010
1564630
1510800
1525440
1535090
1578250
1688200
1721830
1724020
1794620
993340
1124600
1458420
1794320
657170
1031970
1319320
1339360
1378870
1420680
1488540
1495780
1511490
1544430
1547470
1558480
1559790
1572100
1578660
1580300
1617360
1624880
1679530
1710390
1740010
1753250
1781920
1782050
1783470
1808270
1850240
1641830
746040
1569590
1132670
1519780
1549200
1556610
1349540
1363840
1036340
1270380
1451950
1401750
1559660
1569690
1601410
1612120
1770140
1802110
1802460
760650
1140130
876370
1205650
1262920
1271250
1313970
1335700
1340730
1370940
1417970
1463020
1463430
1491850
1493950
1498900
1501140
1510150
1513180
1518540
1528520
1541860
1542130
1546340
1546370
1549270
1550030
1555380
1558360
1564830
1567310
1583000
1595260
1601360
1612350
1623850
1643490
1646200
1669820
1678100
1687430
1692470
1693070
1694160
1699820
1711910
1718020
1722890
1735400
1755550
1759580
1767780
1781050
1781290
1798160
1799260
1803290
1818810
1821820
1830830
1836360
1162570
1370430
1596110
1561400
1434610
986350
1179110
1563970
1427680
1287030
1523750
1557240
1587940
1634750
1658400
1682610
1691170
1742340
1758080
1787640
1815270
1828880
879000
1641990
1479340
1794170
1203180
1686960
1619790
1008950
1380060
1651760
1814600
1287920
454120
990110
1063870
1081500
1140750
1147240
1262500
1274560
1280290
1282700
1300860
1370820
1383020
1393690
1401890
1426970
1436280
1439440
1444510
1461230
1464150
1469830
1470130
1470720
1482550
1487140
1491050
1496220
1498710
1500960
1503410
1516960
1518890
1519230
1520640
1524160
1524170
1526360
1530280
1534860
1535270
1539150
1544240
1546360
1551110
1551660
1551760
1559070
1559990
1560880
1561590
1563110
1565030
1565850
1576620
1577590
1581190
1587500
1591650
1591840
1594910
1594980
1597240
1602100
1608250
1610070
1612180
1612270
1617800
1620700
1621450
1624620
1624950
1625840
1628670
1631770
1631930
1633470
1634210
1644670
1651940
1653040
1666190
1671400
1676600
1677480
1685020
1686840
1688810
1696610
1698680
1700330
1701850
1705860
1716150
1721800
1721910
1722300
1744430
1748640
1750810
1755290
1758090
1762490
1763210
1766830
1767710
1770850
1775730
1777130
1777950
1780110
1785470
1786280
1787170
1788960
1795760
1800600
1805980
1807000
1814590
1824520
1827780
1783960
1203470
1477730
1519890
1523290
622980
1308880
621070
1556190
1152950
1341710
1487440
1518640
1519110
1543100
1554340
1582130
1584900
1654160
1674670
1705480
1733280
1736260
1737450
1739400
1747520
1753530
1757240
1810600
460730
552180
648150
680850
704970
723400
765090
790030
865410
945540
986920
1004170
1016820
1063570
1075570
1119680
1156480
1159240
1166910
1170350
1184750
1184850
1192630
1199620
1208390
1216740
1221730
1225250
1230540
1256680
1262180
1265380
1274470
1274990
1282060
1293510
1297550
1305190
1306910
1320260
1335020
1342540
1344900
1348810
1359990
1361290
1362270
1364240
1365540
1368240
1373680
1373890
1374910
1380160
1389040
1391570
1391650
1395510
1395750
1402700
1402740
1406710
1409470
1421930
1423010
1429680
1429730
1432810
1434750
1441530
1447140
1448140
1454150
1454480
1465580
1465780
1466030
1466570
1467190
1467330
1468950
1469090
1469890
1471220
1474840
1480190
1481880
1484010
1487230
1487650
1488040
1488250
1488700
1491480
1491570
1492040
1493660
1494530
1496470
1499230
1500780
1501470
1501540
1501640
1501830
1501960
1502570
1507140
1507890
1507980
1508250
1509180
1510900
1512290
1512370
1512540
1512730
1513390
1513650
1514010
1514290
1515600
1515920
1516600
1517050
1518370
1518380
1518610
1518680
1518990
1519420
1519570
1519610
1520580
1520670
1525390
1526220
1528430
1530260
1530360
1531230
1533580
1533770
1537700
1538040
1540140
1540190
1540790
1542080
1542330
1542870
1542980
1544300
1544380
1544530
1544850
1544970
1545000
1545360
1545380
1545810
1546630
1547220
1547370
1550800
1551120
1553990
1556680
1558070
1558710
1564190
1564410
1565800
1566510
1567680
1568040
1568320
1568440
1568450
1571360
1574020
1574670
1574690
1576220
1578070
1578730
1579250
1579670
1580250
1583070
1585450
1585460
1586650
1587630
1588300
1588780
1589420
1589860
1590420
1592210
1594830
1595760
1595790
1596290
1598490
1599540
1600170
1601750
1602190
1602460
1603300
1604420
1605120
1605270
1605300
1606450
1606680
1607140
1607870
1609660
1609720
1609860
1610310
1611320
1614020
1615750
1617200
1617510
1617560
1619150
1623060
1624050
1624910
1625190
1625700
1626180
1627130
1628930
1629680
1630370
1630530
1630640
1631100
1632260
1632480
1632820
1633100
1633490
1633930
1636380
1636900
1640830
1640920
1641370
1643460
1645990
1646000
1646230
1646770
1647430
1651000
1652990
1654070
1654620
1655060
1655440
1657280
1657550
1658210
1659270
1660200
1660360
1661210
1665040
1668010
1671060
1671290
1671630
1673300
1673450
1673800
1674160
1675410
1676720
1679180
1683610
1683630
1684240
1685550
1687070
1689030
1692170
1692220
1693010
1695600
1697470
1699490
1700840
1701400
1702350
1703010
1706130
1706260
1706720
1706890
1707090
1707470
1707690
1709550
1709570
1710040
1710970
1711290
1712030
1712530
1713210
1713410
1714200
1715500
1715670
1716470
1719230
1719450
1721990
1723700
1724180
1724360
1724580
1726450
1726690
1727260
1728500
1728590
1729660
1729820
1730470
1732590
1733400
1733950
1734560
1735640
1737010
1738550
1739710
1741620
1742060
1742480
1742880
1743110
1743610
1744620
1745960
1746830
1747500
1747570
1749210
1749260
1749710
1750290
1750690
1750990
1751610
1753160
1753800
1753810
1754490
1756060
1757130
1757260
1759260
1759430
1761250
1765240
1765470
1766180
1769390
1769570
1769730
1770200
1771960
1773390
1774130
1775150
1777980
1779940
1781580
1782080
1782640
1783350
1784100
1784840
1785430
1786290
1786330
1787030
1787870
1789210
1790420
1791090
1792380
1793110
1794380
1794730
1796440
1798410
1798460
1798470
1799110
1799720
1801370
1803470
1803920
1806430
1806440
1807920
1808140
1809750
1812430
1814100
1814400
1819280
1819430
1822470
1822940
1824750
1824800
1827500
1830100
1831520
1832280
1834140
1835210
1835460
1835820
1837520
1838080
1842930
1844290
1847440
1391020
1422280
1706220
1626740
511280
1539600
1567480
1567580
1652220
1681120
1844190
1614890
1299480
1378370
1183940
1601950
1506720
1509000
1656820
1728460
946990
1213390
1279280
1444920
1566680
1690250
1740120
314430
1588140
1782970
1326110
1390860
1499540
1509050
1536750
1575060
1578700
1582720
1592840
1639090
1760980
1778430
1257550
1398700
1483430
1490850
1509110
1566720
1572470
1576550
1591310
1606980
1613090
1673570
1683580
1721090
1743880
1777800
1790990
1796590
1809040
1816420
1676710
1701640
1824170
1484340
1540560
1587790
1089930
713800
1423090
1553580
1600950
1622060
1457430
1383690
1637510
1713680
1028470
1219590
1251210
1482920
1566910
1171120
1278170
1661130
1504660
1515340
1520810
1534770
1557190
1583820
1592970
1603020
1653640
1663950
1750070
1779650
329310
1640710
1771830
1458990
1620750
1492870
1614010
1627240
1675940
1760690
1777930
1798420
1115400
1428030
1462190
1493690
1494390
1496500
1506300
1513500
1531140
1531780
1547250
1553570
1579170
1605550
1619900
1634980
1636260
1652740
1707720
1732720
1735160
1744580
1769090
1771340
1803630
1061100
1526380
857760
1265510
1499930
1668590
1721410
1694200
1482720
1541420
1488380
1390600
1246870
717110
1296010
1260400
1001950
1417950
1509770
1543340
1548860
1589080
1632640
1649870
1683590
1686980
1705870
1818790
1819370
1848150
1702140
1341050
1753100
1644960
1526700
366290
895980
1366520
1505240
1519190
1543830
1624760
1772370
1819870
1820980
1828890
1492310
1569930
1454580
1539640
1597090
1645720
1758370
1513580
1523360
1636730
1724860
1648730
1712570
1685300
1489380
1727070
1642820
991710
1426790
342910
1515990
1088770
1489390
1585390
986480
1326760
1334420
1365800
1418470
1435210
1462680
1466070
1481360
1496350
1500760
1512650
1513270
1518240
1522010
1522860
1523220
1524990
1528770
1540740
1546900
1546960
1548280
1554110
1562970
1566370
1573210
1576300
1576480
1586090
1586890
1600250
1604160
1608460
1611870
1612380
1617090
1645620
1665060
1665990
1669430
1673920
1680380
1686890
1693750
1694820
1703950
1708390
1708590
1709000
1710990
1713860
1721620
1724290
1726860
1729840
1730090
1733190
1734960
1742120
1748400
1748900
1769010
1780960
1805070
1807410
1823590
794490
1530890
1586050
1635770
1770380
855390
1275210
1559500
1590250
1813140
1565660
1366010
1577530
1590330
1601100
1502600
1383550
1346010
1670230
1529860
1634090
1651850
1673550
1676700
1780420
1793900
1810810
1262720
1525330
976680
1085970
1263100
1341570
1383040
1502480
1510100
1545340
1564840
1565480
1566740
1568570
1576920
1577940
1583880
1587700
1594490
1610140
1633410
1641510
1643190
1663260
1679960
1699780
1732840
1740990
1742330
1764030
1771260
1775740
1787670
1795070
1559450
1293930
1304690
1328710
1333270
1468060
1475150
1537470
1557540
1591500
1610130
1627120
1641780
1646480
1663940
1687040
1789060
1825070
1831690
1554770
1514980
1446160
1049850
1394240
1599530
1801630
1523800
1140620
1683320
1271850
1624140
840390
1209410
1828410
768540
1387970
1717300
1354690
1371520
1547970
1834340
1538620
833170
985810
1409510
1420980
1526780
1538910
1560320
1598360
1475160
1746650
1524750
1611510
1798930
977650
1476420
1660420
1680900
1682600
1686440
1686880
1707320
1734610
1800950
1641730
1656680
1582620
1335680
1508670
1585030
1709060
1243880
1736840
1654120
785770
958220
1319570
1507600
1540470
1542460
1565430
1579720
1595600
1628510
1635950
1661800
1672170
1691010
1713070
1789360
1802080
1802630
1512790
1647200
1456590
1358020
942010
1333650
1430640
1385460
867660
1287290
1461110
1229010
1347250
1494150
1495050
1501480
1504050
1514070
1531300
1563100
1571230
1577310
1581990
1594660
1611110
1614680
1616190
1623870
1626140
1638920
1643600
1647050
1659080
1667800
1678790
1681490
1713450
1741300
1754740
1766230
1774650
1776640
1803170
1690690
1519340
1566560
1595630
1599230
1641100
1668580
1672440
1719670
1800970
1038820
1566490
922870
1386870
1268900
1509420
1184090
1444410
1445010
1453400
1082890
1518750
1533090
1662670
1691290
1826760
1584660
1571960
1631790
1137970
1503090
1662680
1807560
1506620
521390
713930
1003760
1159940
1194230
1236470
1237170
1280590
1289470
1312290
1331470
1352730
1360140
1383620
1425030
1429630
1437710
1443690
1464130
1470650
1477640
1487520
1501110
1501340
1503880
1506460
1507400
1508860
1509700
1512800
1514250
1518100
1520460
1521760
1521780
1522490
1530180
1533960
1534430
1535550
1539080
1539100
1541670
1542000
1542510
1545010
1545040
1547060
1547930
1552790
1554750
1554850
1558600
1558740
1559590
1563420
1565740
1566590
1567770
1569380
1571040
1575230
1575310
1576470
1576740
1580330
1581600
1583130
1584770
1587750
1589580
1600180
1600230
1600460
1600960
1601190
1603290
1605640
1611140
1619260
1620490
1620970
1624940
1625130
1626680
1627560
1632960
1648080
1648840
1649900
1654310
1661380
1665790
1665810
1669220
1672830
1675050
1676260
1676420
1676520
1680870
1681380
1685260
1686680
1688800
1691760
1693460
1693900
1694120
1694640
1701150
1703060
1704170
1709660
1710310
1716200
1716720
1717800
1718740
1719790
1721930
1729830
1733310
1737170
1738140
1740550
1741260
1742170
1742970
1745840
1746120
1747980
1750320
1755060
1755790
1757570
1758050
1758110
1765480
1766440
1767180
1768340
1770180
1773840
1775850
1778190
1780410
1781720
1794190
1795830
1799670
1801450
1802620
1808230
1810020
1811290
1812440
1819900
1821580
1823070
1830050
1834760
1836490
1838670
1840100
1399840
1307760
1369980
1469460
1504550
1506900
1590670
1655840
1671390
1674100
1681360
1831090
1839750
1243690
1491650
1723420
1167300
1511410
1389450
1433900
1570000
1600600
1678950
1747080
335210
1529140
1261200
1500750
1593180
1467410
1504490
1746870
1489660
887830
1121780
1785440
1495570
1547150
1610630
1656860
1056600
307880
1425070
1576970
1529550
1471200
1487470
1496930
1534590
1535590
1536180
1561010
1564800
1577770
1592240
1595250
1609470
1622660
1626560
1634780
1644510
1650300
1654280
1662270
1682300
1718560
1719630
1723720
1728560
1769470
1787050
1805560
1808630
1371610
1403520
1450060
1503370
1505440
1589040
1605930
1617020
1726280
1738650
1462550
1557480
1021940
869880
1809160
1514100
1609040
1746080
1813890
671970
1625020
1405730
1506100
1554530
1728880
1168610
1673320
752480
1614250
993840
1512300
1557690
1632020
1583590
1433860
557180
1457140
1521040
1738150
1459960
1140030
1618310
1680340
1204750
1293530
1379120
1380120
1431940
1439220
1443950
1454060
1527920
1532810
1555230
1588100
1600880
1621420
1681350
1691130
1724470
1742940
1788730
1810500
1422820
1845630
1568180
1258900
1576290
1548600
1580640
1673420
1076020
1570340
1626040
1721720
1268360
1691560
1755120
1281150
883680
1231100
1247870
1287220
1287940
1291660
1348520
1350690
1400270
1401620
1417400
1431340
1432840
1437020
1500860
1503350
1505790
1512520
1514890
1515750
1516580
1521020
1522980
1530040
1531460
1539590
1543990
1547430
1547990
1553170
1565760
1570860
1573760
1579200
1581210
1582210
1584560
1591140
1591160
1596820
1598590
1620050
1621100
1622600
1624920
1625420
1626410
1628010
1629040
1633780
1643170
1648450
1651890
1653360
1665270
1680660
1682920
1683310
1684870
1686150
1686160
1691700
1693050
1696930
1702170
1706060
1710530
1713530
1716140
1716370
1721050
1721520
1722440
1728010
1729950
1734640
1736590
1742510
1743050
1754390
1761750
1768350
1769770
1776120
1778130
1787730
1787980
1793210
1798290
1805100
1819210
1821460
1823910
1824760
1827770
1665080
1594220
1643340
821820
1566920
1627110
1703470
875210
1232410
1419430
1442350
1515830
1579100
1610020
1610560
1654050
1702670
1723490
1484050
1695340
1649830
1239940
1788710
1451230
1674470
1253690
1617420
1815060
1836240
1462150
1653420
1667720
1597280
1271110
1034140
1415470
1483090
1570740
1690030
1697420
1730850
1776260
1815860
977630
1725660
1463420
1265790
1547090
1653030
1718430
1770760
1776300
543960
1536830
1506410
1588690
888140
1235350
1254410
1390690
1433070
1464650
1474790
1481150
1485370
1511360
1518000
1560960
1564720
1565710
1577290
1582700
1586120
1588880
1592810
1595930
1608170
1622080
1629400
1631690
1636490
1640360
1643530
1644010
1646650
1683010
1683680
1711960
1716590
1719220
1737480
1740170
1766270
1767910
1782790
1787770
1805190
1806570
1835220
1841850
1204990
1537030
1660590
1511850
1575330
1577700
1622090
1666810
1765320
1821630
1828750
1403710
1592180
1388570
750200
1400080
1424910
1384030
1509090
1266820
1187920
997710
1467670
1547820
1625060
1650130
1710400
1748740
485400
1487430
1363350
1197730
1341650
1522180
1534050
1560940
1576590
1609310
1709040
1842990
1105710
1252480
1337600
1398670
1427320
1447290
1453870
1473070
1491980
1508890
1521690
1538270
1555640
1557350
1600280
1619830
1633230
1645980
1652330
1657350
1688780
1696040
1699450
1701690
1705540
1715530
1728120
1752400
1771600
1777380
1790260
1790960
1796610
1801060
1815880
1826640
1835640
1657900
930280
637050
1553690
1635800
1752500
1519350
1219480
1515950
1225660
1230210
1275850
1474580
1488020
1519800
1540360
1540440
1560260
1586660
1600450
1611900
1656300
1672680
1676350
1681400
1682880
1682950
1686900
1841600
1347540
1560110
1667110
1678770
1194050
1412680
1419350
1597950
1335240
1279270
1711430
1371600
1371620
1477490
1492230
1547490
1570120
1578470
1642250
1649960
1683670
1686480
1764960
1824210
1836230
1041520
1668080
1555130
1610610
1515040
1659170
1714730
1807660
1819440
1254120
1300610
1434320
1588040
1256710
1622340
1607310
905530
1018960
1191730
1432260
1483110
1501160
1554140
1554960
1559750
1565650
1617390
1655930
1807140
1787790
1753790
1554030
1682620
1792450
1470670
1502070
1584980
1452650
1589370
1664090
1714620
991740
1555220
1583530
1762830
771500
1330370
1367270
1505910
1567460
1628940
1676980
1736250
1819250
1342810
1689720
1101780
1500120
1684780
1434310
1526120
1573970
1684860
1673530
1733610
1457790
1814200
1590490
1468810
788670
1583410
1521980
1516510
1597550
1146300
1506600
1755920
1697400
1094760
1572380
1732760
426210
1456750
1552570
1528920
1152120
1478670
1740140
1063930
1505680
1485240
1491910
1585660
1581750
1716910
1548130
1444570
1531800
1660460
1660490
1665250
1668420
1555160
1574740
1676740
1743810
1747590
1412030
1510880
1565940
1599940
1689150
1752740
1786960
1794920
1430720
1564700
1615920
1666030
1678750
708990
860960
1398690
1499890
1729770
1188160
1333990
1513130
1555880
1561020
1653660
1655970
929340
1322830
1433470
1435610
1542440
1568270
1589790
1591360
1633390
1639530
1651450
1725560
1788490
1798220
600100
981660
1329240
1446510
1448880
1468800
1482670
1486330
1508060
1508450
1576510
1578270
1588580
1605600
1616210
1619110
1636300
1653120
1653910
1674020
1714640
1718900
1728320
1738500
1748340
1758540
1767480
1774160
1804440
1815890
1826070
1832300
763550
1139790
1220510
1235920
1267280
1274720
1404350
1405360
1416140
1451840
1460600
1475670
1501440
1509370
1509630
1510820
1514300
1517190
1518630
1526020
1529100
1547420
1560390
1566610
1566810
1578280
1581320
1584360
1586070
1594570
1595090
1605050
1607570
1615380
1629550
1631200
1632220
1642330
1658490
1661840
1673180
1679410
1682420
1682890
1683410
1691990
1693360
1711460
1730820
1736310
1758020
1758340
1760700
1777730
1780340
1792290
1805970
1815310
1816530
1827310
1831610
1832680
1837800
1846300
1131060
1162390
1258830
1263530
1396290
1398720
1449060
1459510
1463970
1473650
1476000
1476140
1482510
1499900
1500410
1505860
1509010
1511000
1511320
1513400
1513710
1533750
1536150
1539970
1545260
1545370
1551820
1554280
1555210
1555300
1557870
1558530
1574540
1582310
1587490
1598410
1602260
1605950
1606730
1606920
1622420
1623320
1623720
1637700
1644560
1652090
1667290
1672400
1680070
1687090
1688400
1690660
1703040
1705500
1707030
1716180
1727720
1728020
1729120
1737840
1739850
1745650
1749360
1752690
1754040
1758100
1759210
1760420
1761320
1766660
1770040
1770360
1771310
1777550
1778040
1780010
1792810
1794160
1800330
1805340
1810870
1819780
1821150
1838380
1840520
679700
900870
951310
1019190
1127990
1129210
1207820
1210260
1324630
1347710
1369090
1386520
1402290
1409810
1410810
1412640
1425620
1428790
1438430
1444390
1445090
1446880
1448320
1455410
1463180
1466300
1466970
1482780
1488170
1488720
1488730
1489340
1497170
1500660
1507770
1508840
1510590
1513330
1514580
1515170
1519360
1520660
1522030
1526170
1526500
1528820
1529440
1538170
1541110
1543530
1548630
1555290
1557070
1561990
1562510
1565180
1567960
1568490
1571000
1572930
1573180
1579450
1579690
1583060
1583780
1586740
1590260
1591440
1596060
1596990
1601590
1602600
1604790
1606460
1606790
1606910
1607000
1608860
1612150
1612980
1616740
1622330
1623370
1624610
1624860
1626490
1627740
1629380
1640780
1641880
1643700
1644330
1644390
1645870
1646600
1651980
1655210
1655850
1660240
1662260
1669110
1676530
1678630
1680770
1687280
1690740
1692850
1693100
1695040
1696240
1697300
1700960
1701820
1703030
1712650
1722410
1724070
1727040
1727250
1733140
1737920
1738620
1739680
1740600
1742800
1748210
1750630
1754910
1756920
1769760
1772730
1773540
1774810
1775410
1777100
1779550
1779660
1779770
1782190
1784020
1785800
1786260
1788760
1788860
1788980
1792070
1793960
1804420
1806460
1809860
1811640
1811780
1813570
1818560
1831970
1841910
1607280
623280
1341200
1517520
1560010
1595310
1499520
1676670
1563760
1675090
1341660
1495580
1619220
1248060
1532350
1822140
1560330
927350
1755270
1678090
1657880
1289380
1478440
1515140
1619200
824450
1754150
1362910
1527080
1585160
1709260
1710710
1301590
1466190
1515980
1683300
1497180
1465190
1693430
1749800
1527670
1578550
1655710
1763610
929490
1540490
1270910
1509210
1536000
1633000
1644640
1686690
1697680
1717130
1762130
1780250
1622810
1694290
1192700
1491220
1504100
1520090
1526790
1527090
1541130
1598710
1740470
1748370
1802340
1815160
1818640
1577190
1805490
1406720
1498680
1558020
1605760
1625800
1631420
1644650
1780280
1799570
1831900
1328190
1533940
448060
1435630
1441880
1561520
1655050
1706770
1735470
1653240
1745200
1620160
1683240
1380760
1534900
1547170
1550340
1567550
1588110
1639900
1706440
1722420
1758810
1766710
1767940
1782740
1599510
1632420
1684480
1731940
1377300
659840
1609590
886060
1377590
1842270
1601170
1715380
1597480
981890
1510400
1565290
1640670
1661690
1764890
1525900
1613100
1015180
1052540
1283180
1335370
1337640
1389190
1389980
1465450
1494320
1508340
1547260
1573070
1583870
1585120
1585930
1603220
1603280
1622720
1632690
1633550
1634740
1634970
1648000
1652510
1657960
1659910
1683510
1725330
1747340
1753170
1764010
1771230
1781780
1783810
1794860
1804320
1809420
1827300
1548090
945740
1316870
1651440
1463140
1512530
1596920
1610670
1400070
571100
1535060
1598920
1458460
1448090
1470750
1553680
1619590
1750060
1588870
1584200
1591130
1639500
1090760
1111040
1299930
1434900
878310
1218320
1262530
1347240
1392690
1441340
1455540
1481430
1505720
1513550
1520390
1521050
1533610
1542610
1554760
1560510
1567990
1581760
1597350
1602150
1606610
1606670
1656650
1673850
1679130
1703640
1720860
1735120
1742230
1746530
1764790
1765130
1766700
1771000
1778120
1779680
1790730
1796510
1799000
1803560
1805150
1813930
1815260
1828780
1836500
1845840
1597710
1398170
1422180
1786800
1821520
1217550
1428550
1500650
1521670
1534610
970840
1423340
1506770
1607480
1618910
1708420
1716440
1743190
1801920
1312150
655530
1648300
1464320
1709630
1754380
1480870
1777670
1806670
1553970
1740540
1465890
1508960
1374890
1421140
1507760
1507800
1558650
1564850
1203960
1273940
1311770
1400450
1499720
1548590
1549650
1554670
1560560
1563710
1590150
1591900
1593250
1598090
1633820
1697560
1708410
1730030
1731690
1769780
1484550
1512750
1567830
995070
1715970
1637110
1654700
1778090
785860
1585130
1597560
1600350
1600670
1642230
1825060
1002480
1082200
1100500
1135890
1276410
1302290
1372940
1433040
1437060
1460000
1476850
1477120
1492130
1495060
1495800
1496530
1497140
1498660
1500830
1502250
1503130
1504610
1506480
1507880
1511620
1512910
1520150
1522350
1522800
1524190
1527280
1528290
1532680
1539510
1541040
1556350
1563310
1564230
1577300
1578080
1589340
1591400
1597210
1602590
1604390
1605310
1607180
1608010
1613630
1627140
1631290
1631330
1632230
1638680
1639490
1641060
1644810
1651390
1655010
1655580
1655910
1661940
1663140
1665020
1668810
1668930
1687480
1688390
1689140
1689530
1689780
1695310
1698920
1708030
1714280
1716260
1716650
1720060
1734330
1739360
1752190
1762520
1762680
1764950
1767450
1785970
1786620
1794020
1794580
1795340
1802820
1805080
1813790
1815190
1821490
1831140
1432710
1786590
1396150
1388910
1683730
1795640
1010560
1185620
1217750
1398710
1439630
1456980
1567840
1567980
1570360
1572790
1584340
1586240
1644930
1656890
1685920
1691510
1693500
1696310
1700450
1711230
1714860
1728770
1735280
1743350
1755990
1776730
1777650
1781230
1808480
1844030
1228570
1508730
1628480
1384390
1416930
1504690
1692590
1513840
944510
1632010
1736090
1460300
1531680
1441740
636490
1540780
1587720
1708330
1405740
1538260
1547110
1593260
1616230
1774560
964910
1546380
1561370
1568290
1576950
1600330
1751310
1566430
1648800
1773830
1520840
1516980
1202790
839640
842510
1110230
1416820
1436440
1511500
1537940
1548640
1550810
1552630
1563190
1565830
1583190
1607470
1642460
1651460
1667100
1689020
1696380
1703460
1706970
1724280
1724530
1726330
1748970
1756810
1762410
1795420
1800640
1807370
1813560
1816520
1825990
1839840
1852760
993870
1179060
869340
612230
1499750
1457570
1470550
1810240
1740240
733820
938200
1504910
1546640
1546750
1568280
1644140
1683090
1706650
1431290
1564470
1668280
1829030
1590380
1576790
1808810
1510600
1517390
1527420
1556670
1605280
1607730
1644630
1681920
1688460
1697780
1717420
1720650
1728640
1777080
1779040
1471040
1530770
1549680
1509230
1829340
1343520
1507650
1760080
1503440
1042910
1336040
1644690
1655720
1741520
1772380
1778460
1534510
1611550
1589020
1468960
1588650
787580
793570
814550
858560
994700
1107390
1153570
1204800
1212720
1254390
1269510
1298380
1308220
1331080
1357390
1360130
1377800
1390020
1390080
1391550
1394940
1396390
1398400
1413490
1422980
1425090
1427130
1447710
1457100
1457600
1476290
1480260
1481940
1482790
1490500
1490550
1492370
1495240
1499940
1504480
1505740
1509660
1511130
1512950
1516530
1517220
1517990
1523630
1523780
1528230
1530580
1535040
1535790
1536260
1543930
1545240
1547310
1550470
1553980
1554020
1559040
1559740
1559770
1559870
1560760
1568060
1573530
1574320
1575480
1576140
1580870
1582810
1584630
1585040
1587430
1587660
1592900
1593570
1596430
1597160
1599220
1599680
1601260
1604370
1605910
1609710
1617600
1617780
1619550
1622990
1626710
1627180
1628370
1628560
1629570
1631190
1633400
1634430
1638000
1640000
1640090
1650450
1655490
1656740
1659760
1667280
1668480
1669120
1669890
1670200
1670250
1670860
1671440
1673220
1674370
1674510
1676330
1679270
1685660
1688130
1692890
1693580
1696300
1697790
1699510
1700920
1704130
1705730
1706050
1710220
1711930
1713550
1719210
1719250
1721250
1721890
1727990
1730800
1742900
1746730
1747370
1751160
1753110
1754170
1755610
1755810
1757010
1757960
1758350
1762390
1764710
1765020
1772410
1775000
1775510
1775980
1777560
1777960
1778890
1783100
1785280
1786250
1787110
1787140
1789460
1789680
1800780
1804390
1804570
1808310
1808890
1809370
1810840
1815660
1821440
1825530
1826100
1827840
1831770
1831990
1833340
1833650
1837870
1564180
1576750
1583670
1610730
1804450
766210
931840
1093830
1280270
1360380
1367160
1373560
1381130
1389000
1399250
1452320
1479100
1504630
1514740
1522900
1526580
1533970
1534240
1539890
1543040
1543810
1546420
1561720
1566150
1566600
1583370
1583730
1594790
1603360
1603780
1606500
1608740
1610960
1613000
1616550
1620360
1628060
1636370
1638510
1639520
1659670
1664990
1672340
1684910
1695510
1697250
1700420
1711160
1715250
1718400
1728300
1759220
1785020
1788950
1792790
1798520
1814000
1818840
1830260
1652950
1416970
1468420
1584350
1713100
1260560
1355450
1368480
1448400
1485230
1507510
1511250
1550950
1556120
1561600
1587390
1590130
1601220
1632360
1662660
1666430
1671670
1678360
1798310
1798320
1392060
1524370
1379550
882460
1756120
1739970
1357960
1424840
1478830
1541440
1547050
1560750
1575260
1630130
1663170
1700900
1752840
1794710
1409780
1492380
1557880
1677870
1710880
1484030
1565910
1551240
1463080
886310
1367330
1457580
1608210
1035600
1398280
1780780
1126640
1482060
1254540
1626880
604590
1694110
1807250
1321220
1543320
1560540
1629450
1504670
1528780
1564080
1589730
1591350
1626610
1673520
1708580
1755150
1762510
1692000
1502160
1546210
1675070
1061240
1569270
1513760
1586930
1593190
1656900
1680300
1744650
1748980
1760670
1780490
1799580
1808420
1580260
1591860
1234500
1284140
1302480
1373230
1433130
1527230
1530120
1544040
1544450
1550830
1551280
1578900
1581590
1584800
1605340
1621750
1630000
1631700
1643470
1676320
1695970
1699770
1710600
1731860
1741150
1741220
1741510
1744420
1808110
1809570
1815730
1821420
1834390
1460700
1576910
1699130
1831560
1168980
1799080
1547270
1611880
1648580
1547500
1517290
1509950
1627220
1780840
1410000
1443450
1496710
1503140
1541450
1546190
1595270
1613330
1675510
1701040
1715220
1749170
1768480
1836210
1279910
1257590
1333340
1361100
1461580
1470690
1481620
1482090
1493570
1495260
1495480
1499820
1500810
1503220
1505830
1510780
1515930
1523690
1525640
1527160
1533880
1538160
1538470
1560530
1568470
1568560
1579930
1580890
1594300
1595100
1600030
1600440
1606510
1628400
1631950
1634380
1650690
1651410
1658740
1658910
1675170
1676390
1678060
1686570
1694970
1697630
1707880
1707890
1709830
1713030
1717920
1723050
1723440
1728960
1731820
1740870
1742140
1746540
1751860
1757400
1770630
1788620
1796230
1804900
1813310
1821320
1821860
1821910
1829000
1841740
1665460
1181780
1362340
1315240
1515450
1556480
1566700
1778560
1665600
1727620
1607860
1708470
903310
1116600
1380660
1447190
1519620
1579030
1603930
1632040
1636360
1638910
1680440
1695500
1704780
1752850
1761980
1834470
1555890
1801490
1565230
1504360
1629890
1671240
1759930
1526600
1652170
1618280
1567270
1602200
1712670
1521770
1551990
1607850
1693150
1783310
1512890
1605590
1651290
414770
1512170
1547830
1561480
1584150
1599430
1602420
1634530
1719080
1731490
1740950
1747940
1758040
1759480
1779270
1799500
1815020
1819190
1699530
1484680
1490400
1506630
1526480
1541390
1588050
1588060
1612360
1616540
1717610
1631130
1502730
1694180
1055120
1356640
1489900
1495560
1510310
1542970
1549950
1559670
1560170
1561470
1562340
1568900
1581010
1631120
1635290
1645680
1661810
1676340
1700380
1713710
1719540
1735860
1750000
1754350
1758030
1759700
1760990
1766690
1775170
1790810
1838660
1587910
1492860
1692900
1576500
1507390
1588070
1782130
1592950
1593640
1448330
502470
1501320
1538810
1518090
1390650
1087530
1136870
1193730
1288110
1461730
1504010
1541400
1606620
1615980
1618030
1664660
1667210
1704530
1709090
1720200
1756490
1764000
1781040
1336290
1133080
1186650
1512920
1533760
1646830
1727450
1728110
1265520
1270520
1485210
898320
1558060
1622250
1810490
1510370
1513300
1813940
1555350
830580
1418290
1450750
1458480
1462330
1523130
1549710
1553940
1713660
1721130
1729920
1756080
1791880
1591610
1631410
1646750
1533260
1677730
1288040
1575240
1691790
1809850
1820930
1509640
1622270
1653790
1673140
1611970
1439300
1494100
1522530
1735940
1738850
1074680
1691830
1729080
1789300
1825780
1599280
1765800
1631710
917020
1589890
1835560
1537960
1752830
1543400
1500320
1668940
1514910
1623300
1180320
