294100
960090
504230
588650
264710
531510
519860
683320
432350
629730
617670
644560
242760
653530
909080
844930
871720
638970
899970
233860
888790
456750
508900
553310
858940
760890
897330
880950
730820
825630
860950
714010
787860
995460
788770
790060
816340
342560
885810
568220
613100
334940
799070
590380
866800
976940
609320
743390
673950
686200
528230
765410
604330
589780
802870
855640
567380
368340
453090
753220
917680
530320
882710
868520
336140
884260
804700
858760
868980
744190
764790
781440
668350
945360
802890
846470
758530
852110
793350
658850
587220
850000
773670
743450
791470
927890
648390
862570
838310
979600
787070
291860
754150
795100
809020
882110
857450
410340
389140
747250
824270
323190
525510
650700
600480
815780
971680
878750
393190
599390
731490
744810
820730
845070
843260
334920
510420
963710
801630
944220
785890
859680
963690
744800
748490
888090
733340
716490
753420
736190
616250
757240
863550
233610
822930
535930
904740
600990
848350
648580
448850
688420
473770
673880
349250
827290
601050
783120
822760
802880
922460
355170
931500
469820
876850
774461
950460
866540
758090
743130
882140
956240
800620
841770
678950
925440
570940
728880
445980
417290
963000
428080
701160
757480
658550
882790
631510
762610
620210
322450
16900
922400
766280
853550
285920
757210
955560
760060
917290
792100
746400
949370
952420
628070
913010
851530
943380
891510
812140
702670
852480
692130
959750
608110
779990
396710
873200
823580
896460
701380
782340
564050
845880
961660
332950
559620
833040
771310
847370
942850
810660
598700
829110
510680
742300
907000
416600
923260
880940
431930
840010
796790
591630
864060
590950
851670
595520
890750
315460
534550
742250
836490
527230
762930
466110
939620
714800
950140
792030
792050
