1145360
546560
1089980
1229490
1289310
1144400
1150690
1281930
1230140
548430
739630
1129190
526870
1240210
1113000
427520
667970
1057090
632360
1241510
1392820
1277930
1369320
1292940
1428310
1282200
1406990
1171370
1211020
1434480
1285670
1281800
1202540
897220
1369340
1337010
610370
362890
1178030
1126320
1140270
1377360
1102190
1172450
1318690
1241700
1161870
346010
972660
753640
881100
1349230
1237970
1239080
1235140
1104380
1449690
466630
1419860
1218900
1168470
837470
1232180
1211630
1079260
1349060
1216200
805590
1222140
1368860
1468260
1340130
1201280
638230
1049410
1286710
914800
473950
1162750
1249880
1062160
1175140
1100140
1293820
953490
1217390
1275890
969990
375480
1238730
1367550
1293860
1049100
1216080
895870
1297160
1444350
848480
1460090
1080110
1071130
1345740
1210250
470310
1156990
1271710
1045720
1064460
1164050
1283130
326460
926340
1114940
1246020
851850
913740
955740
1263850
1151440
1363430
1299120
1111370
1200720
1139890
1435310
946050
692890
1054490
1004770
852090
1295510
965680
1451740
1129920
1299370
1102130
1430420
875610
412220
418530
1012790
1016920
874390
1227890
1169200
1148590
978780
1406040
960690
1181400
1094820
1084640
894940
1158310
1130410
1166990
725480
956030
1275640
1162070
1304550
1145960
1335560
1224290
1264520
858260
1146970
1416130
1258310
1194840
1238680
573090
823910
591460
773790
1385730
1176050
1275350
1301620
803330
985890
1274140
1194740
1179210
1475380
1289640
1139900
1348700
1146370
1347780
1290220
1437830
1344740
1389630
1379630
638490
1397920
1052990
1348180
1283190
1178050
1223810
550320
904750
1252320
865540
782330
1160220
785790
1150950
1207650
1234810
1416240
955050
876650
1089090
1116580
1225780
1162650
1347030
1260820
1382200
1288170
1330890
656350
814370
994910
1356670
1100150
524910
1210030
1375540
1450830
1172620
1212620
1351170
1281790
1414020
1078200
883590
1278360
924980
1332470
893850
1361700
1311660
1233950
1284240
1211110
1086410
