1794680
1332010
1583720
1290000
1593500
1533420
1999360
1687950
1942280
1684930
1817070
1424330
1868140
1985690
1677770
1059990
1167630
1455840
1260520
1586800
1901370
1948280
1969080
1061910
2070550
658920
1665190
1284190
1718570
799640
1328840
1927720
1293180
1275670
2237980
674140
1829980
1574270
1262350
1350650
1171320
2206340
1776970
1599600
2088570
2135690
1740100
1865780
1115050
1239690
1451940
1827680
1732180
1599020
1935660
1035990
1657630
1359980
975370
1336490
1269640
1902490
1955330
648800
1148760
1062520
2106520
615120
2083040
1313140
1535560
1848450
799600
1522870
1997680
1717770
1215390
2113430
1574580
2240530
1986840
1488200
2058180
1562700
2085360
949480
1903370
2207540
2124380
1888430
1718870
1939160
1515210
2057080
1817940
1629530
1834870
1706930
1401590
1725640
1703340
1205520
1179080
1063660
1817000
1768640
1733060
1730680
1147550
659540
2058190
1745510
1888010
1361510
1155970
1777430
1135230
1822910
1942120
1668510
1817190
1786790
1237320
2088270
1487270
1865060
1701800
1588530
1585220
1245620
1328350
1737100
1850480
1379870
1865440
1896700
2171440
1954750
1684410
964800
1871310
1949960
1296540
1694420
1712830
1296770
1854430
1910580
595500
1850570
2088250
1296830
1874170
1109570
1287040
2066550
1578650
1853200
1881340
1902710
2119940
1975120
1970460
2113540
1923790
2226870
1878740
898890
1998530
1545990
1977530
1966900
1967510
1740930
1182110
2056560
1984350
1980530
1604380
2112520
1743850
1785820
1883260
1962920
1621310
1895300
1679210
1834920
553420
1846170
1425760
1723260
1919460
2085800
1755100
1051690
1932570
1988540
1210320
1608290
2059670
920210
980610
552080
1985260
2067920
1532710
1249480
1761390
1615290
1944250
1511780
1944240
1150760
1428100
1791610
1954200
2060130
1594320
1684660
1972710
1070790
1972440
950620
1621690
1309000
1975360
2062930
1457220
1808400
2165610
1927740
1572920
1338580
1921900
2091250
1720850
1769170
1600900
1135810
1689910
1986880
1850550
1732750
1592670
1766740
1182900
2173570
1570010
1722520
