508440
1366540
1288310
774181
1361320
1467450
1092790
1454400
1421250
1698960
1307580
1507970
1806840
1082430
1250760
1390350
597170
1469280
1584090
1530140
1708870
488860
1388880
1604000
1713610
1567800
1196590
607080
1255980
1426210
990630
1520370
1388770
1806040
1655140
892970
1714320
1291340
1504500
1764390
1408230
1830840
1407420
1290490
1715460
1727650
1641270
1609230
1190000
1161170
1127500
337320
874260
1268960
1546570
1182620
1625450
1123450
1536610
1557740
1506980
1481400
939400
584640
1227650
1566410
1800730
1511860
1580970
1545450
1304680
1229380
1206560
1088850
1369630
860510
763890
1217060
1516240
1722570
1754720
1419170
1062090
1255650
1111460
1597730
1510030
1333910
843380
601840
1277940
578540
1634150
1808800
1003590
417360
1216710
1310990
1637370
1722620
1504020
1205450
915310
1626890
1440670
1578860
1591290
1138850
1639790
1812820
941460
1481080
1517850
1424660
1158850
1046480
1282730
1406850
1256670
1421790
795420
1734320
1619750
1361230
1423370
1398740
1147560
894020
1259420
1601680
1782210
1603980
1435790
1456880
1730360
1662840
1554840
1213230
1280770
1484720
1369670
1476340
1372320
1173770
1499120
1119980
1178830
1345820
1546860
598550
1564090
1599880
1245540
1078420
1227690
1494190
1638660
1195290
1710930
1688580
1674170
1173010
1532510
829280
1511270
1203630
1682490
1569040
1135690
1444480
1274570
1444300
1144200
1591570
1555710
1675670
1292020
1477790
1508460
1269950
1342330
1328670
1673190
720620
1126310
1648390
976620
1260810
1138660
1542810
1639610
1620340
1570960
1546790
1131190
1388590
1262040
848450
1625080
1669490
1828630
1822190
471710
1125240
1558510
1198090
1518770
729000
1351630
1367590
1267910
1662480
1577420
1802720
1384160
1549550
1521580
1569520
1724050
1170060
1762270
1579380
1413870
1144020
1587710
1379560
1289810
1510950
1382320
1509960
1587560
1173790
1141550
1286280
1525700
1265820
978460
1687550
1466640
1554790
1665500
1710170
1095260
1015920
846770
1203710
1456820
1114070
1164100
1518810
