1118200
646570
1055540
460950
883710
1170880
736260
787480
457140
1070710
1093910
851100
1067310
942970
620980
1044620
814380
601150
601220
1067850
512900
926990
1122720
1082710
557340
732690
812810
1122750
813780
1127400
943700
1160490
992310
1069230
1147690
858210
844590
774171
1038740
944020
1031480
1064610
980300
1103210
1045520
611760
986800
692850
1198320
927380
314650
1033420
1046030
813630
572890
598980
914710
1058020
621000
1010750
1018850
937580
621060
977950
996580
966320
1058640
1049280
801480
913550
752590
632470
900270
597760
673130
1007040
681280
1079160
1072390
965820
1169040
494150
1043340
866440
970560
976730
1002560
440310
1200860
937170
1071120
992740
359510
655500
933480
934840
578620
1109460
1012880
1005300
916730
1057680
1004240
834530
1012240
1184770
1010890
1064730
1092590
1109410
1146950
1098340
666140
1048540
948830
930910
1040550
361420
1046820
1092720
939600
447150
1070550
741140
1044490
1047440
604240
1080750
823500
1026840
382560
1158470
677620
433550
588030
1073390
1037190
710710
1109130
1043240
844660
1047220
1056490
981020
585420
1146510
594130
954740
805550
959080
952290
622220
1069740
679900
1058000
1084570
909190
489520
1121910
1021950
1079800
1098490
1036950
572220
1017180
505230
1174180
976390
846030
968350
1100800
970570
910630
951830
1073440
1094530
951000
702050
703080
971210
1101180
1026820
983150
761600
1005930
923910
1187510
948740
1182370
1172980
939330
631570
1147750
1104660
1106770
619150
1072420
889510
751780
976010
969700
1042550
784150
839870
1012560
1043500
657240
1070580
1065100
1034940
1144110
865570
1132190
665370
559330
935880
589500
774361
1084020
1173940
1002290
1151080
1039940
1055430
1068070
422510
1043180
925460
931690
1161770
1034900
1076880
1055760
1170640
986280
1010870
977230
1148510
1079450
1172380
714120
1114030
562860
931270
742520
915460
1032520
690640
898580
829660
