1118200
646570
1055540
460950
883710
1170880
736260
787480
457140
1070710
1093910
851100
1067310
942970
620980
1044620
814380
601150
601220
1067850
512900
926990
1122720
1082710
557340
732690
812810
1122750
813780
1127400
943700
1160490
992310
1069230
1147690
858210
844590
774171
1038740
944020
1031480
1064610
980300
1103210
1045520
611760
986800
692850
927380
1198320
314650
1033420
1046030
572890
813630
598980
914710
1058020
621000
1010750
1018850
621060
937580
996580
977950
966320
1058640
1049280
801480
913550
752590
632470
900270
597760
1007040
673130
681280
1079160
1072390
965820
1169040
494150
1043340
866440
976730
970560
1002560
440310
937170
1200860
1071120
992740
359510
655500
933480
934840
578620
1109460
1012880
1005300
916730
1057680
1004240
834530
1012240
1184770
1010890
1064730
1092590
1109410
1146950
1098340
666140
1048540
948830
930910
1040550
361420
1092720
939600
447150
1046820
1070550
741140
1044490
604240
1047440
823500
1080750
1026840
1158470
382560
677620
433550
588030
1073390
1037190
710710
1109130
1043240
844660
1047220
1056490
981020
1146510
594130
585420
805550
954740
959080
952290
622220
679900
1069740
1058000
1084570
909190
489520
1021950
1121910
1098490
1079800
1036950
572220
1017180
505230
1174180
951830
846030
976390
968350
1100800
910630
970570
702050
1073440
1094530
951000
703080
971210
1101180
1026820
1005930
983150
1182370
761600
923910
948740
1187510
1172980
939330
631570
1147750
1104660
1106770
619150
1072420
751780
889510
969700
1042550
976010
784150
839870
1012560
1043500
1070580
657240
1144110
1065100
1034940
665370
865570
1132190
559330
935880
589500
774361
1084020
1002290
1151080
1039940
1173940
1068070
1055430
422510
1043180
925460
931690
1161770
1034900
1076880
1055760
1170640
977230
1010870
1148510
986280
1079450
1172380
1114030
714120
562860
931270
742520
690640
915460
1032520
829660
898580
1026400
928600
1061090
1053680
1065970
885000
424200
950740
1075980
1117310
1160330
1002300
934860
1051200
1092710
923810
544390
985080
711540
982270
877810
872130
937570
680590
330020
948900
1025070
1012630
512890
227780
1100600
1173830
1153130
794860
1109360
861540
973220
905340
1065020
1000830
1028630
931560
518150
1012030
1066780
851950
792220
1172510
1077290
1072150
244850
1077450
1073820
1067350
1186740
1025140
1017410
1043230
1165850
831980
1114650
1138910
1201400
667530
1148150
1188930
610900
1040490
1098840
1170370
1204930
1147500
602320
920320
556050
1034880
863590
984110
893790
1064950
1067900
449610
716500
1043860
1101450
963280
746510
1009750
793690
490920
819030
1184420
1070330
1034860
994730
968500
1070020
942930
1023690
922100
322770
715560
725330
1137410
1149510
1105110
1057850
979120
1072530
428660
1129220
994500
1009450
1132730
944010
699170
328080
623320
949060
1115640
956680
824850
726830
1054660
1106940
1144030
831660
1027990
1138410
1031500
812840
1063190
1031110
1177130
1100430
1100180
592480
849740
1084480
1071240
1161360
663670
976310
1102980
967050
1092700
1076550
1025250
1161160
1162560
563840
1181140
1129250
502500
1018160
602700
815370
914020
965200
997700
603390
954870
1111450
720300
595790
959890
1110720
875930
1148450
1032670
1116960
664830
1140570
751450
897120
492720
1094250
1094030
690790
965670
1096930
570900
871930
959000
1192940
893180
1125860
760510
1096200
1013180
968420
516110
859570
790740
1130620
792040
1089130
1128260
769560
1052070
998940
1188080
1144300
538100
869690
1079210
1188330
468820
1011510
1003400
1163910
1079000
1027620
1091250
1114090
891040
593960
1066260
1161190
1014280
1035030
690830
1110690
1022450
1005870
1085180
858810
819630
885950
1192910
774201
984780
688060
336440
1011990
1067600
678960
1025600
671610
1096590
1142500
609110
868020
825730
1025240
1011940
1182090
880510
1094780
1145020
1078960
1107230
573410
1132880
1121560
1124060
761910
1045620
909820
837040
1155470
921570
990090
1010670
1197370
889700
1049400
1058140
1181000
1115580
729040
924140
345430
1117380
809140
852340
873890
1010240
1103310
1184900
1087460
823840
954280
1094870
1065880
307110
1145030
658780
650330
1004210
1100170
1170820
1069030
1106860
1064690
669950
880580
1000640
1047960
1013650
1008710
1019590
1119060
1096710
991600
1034910
960980
814300
856570
1085160
814530
877850
1110380
839850
1197520
1035750
1038280
890310
1016110
1047680
979060
1172900
1152410
644930
828740
1035610
1037590
706850
965890
1064420
981420
1048920
802200
617290
1168880
942060
1063490
1003480
804010
1001140
870690
1020940
816720
1099500
1132490
589040
1056570
1053250
1141100
1051310
1112930
1124830
1133990
857980
1074080
1005410
1039970
942520
728530
618740
987900
1040730
791770
1103770
319870
1014140
1097880
1114460
1077730
1106850
724300
1027130
555000
666820
456390
1149590
780820
1091960
1158290
906600
1089840
865360
1065260
1036490
790850
1156000
873940
1150550
984450
1065850
1076480
451600
1140610
832770
997380
926310
1056350
539470
1003520
899160
1063530
1122880
899770
813300
1199660
1005450
1126420
1043690
906300
1147030
908070
978870
1073840
1102340
1039200
1066940
1093520
748040
1036580
740080
982150
1005910
1019920
1010600
1020590
1114430
1094390
1164850
834580
970300
1058430
1021880
1035890
1141130
1141290
982220
1186860
1100620
855630
798460
1170970
1113940
1064130
1004150
1078510
972160
641320
1003890
1037480
1047580
1072490
900490
985590
1071190
964210
1151630
1097800
1165860
872750
1023740
1028570
809730
1193760
992070
993170
980480
1025460
1085660
1057640
1133930
922470
1080790
773740
1120370
1077160
946860
1122050
638000
1166840
1074520
1195230
965600
849210
1018130
1018880
1051420
1126710
1017900
1106880
1054800
694770
1057540
1093330
1101930
1029380
1046630
1186400
987400
516820
1069850
1160700
1181570
411880
939990
1109840
921430
1127680
1183320
1039880
1171820
1098370
1004610
1003750
1058320
963450
1122040
1168630
769320
843590
1197710
1114860
594650
1107470
1144150
984470
1086450
863400
377950
999410
1028300
1083800
1158260
673800
866190
827050
1120950
1131750
1129010
951440
1101140
775940
913160
1036960
789760
1098040
1057700
898800
1049320
522940
965010
1043390
1157640
688130
1057720
998220
362940
1007630
355820
565180
695570
729640
1029130
1147850
1188710
585710
596970
1128690
697550
600130
1029500
943980
944340
574720
1085340
1110100
778400
909670
865830
1105410
1144280
1077230
1170340
1131900
1116780
1142220
599590
550170
1005310
1013280
1050520
1097780
817540
992050
1032730
789090
839280
1145560
774861
1080990
791180
1015720
607050
1120360
1067720
751220
1046930
928480
1020520
1079970
552880
578420
806900
1103930
1092780
710920
945340
907760
621170
705770
996550
1059420
1157300
1180270
914260
896890
1032830
1172520
1151390
1065750
954010
1086160
1008830
707680
862800
1119940
1115980
906200
650940
1078550
1156630
958260
743850
1028930
1016390
932220
1194610
981770
781990
1034200
772290
1057780
1176460
967330
1114210
933940
1053830
1054270
1091720
454140
1047410
977460
1010970
895670
916030
1153840
700100
1097170
608120
1116770
936780
792300
1077430
1002510
1103940
1112150
1151180
1203460
418620
1111030
934850
911220
965300
1031440
1137910
420020
832320
1102410
1076160
763030
928440
1111210
798510
1114740
622870
1073900
827000
834760
1031920
1120980
1128180
1164740
922530
1039960
1191210
965610
1058470
1080330
1087940
1187830
1204560
945580
809880
950300
1117630
952200
913320
1081160
1014880
999730
1168660
1029970
1072590
1089600
1111970
1116210
1063770
699540
1122960
1072860
1194680
1087810
595270
1188000
1138990
915720
1042270
972960
1057980
1073610
1074340
1149830
1195340
612930
1029860
345460
1020640
793370
846870
591370
958750
1147510
891790
1006220
1136880
856600
741520
1055990
1105620
658590
935970
965120
1049670
1116430
1175160
967490
1131810
960420
1097580
768090
969250
1005000
794540
924780
990020
1001870
1003020
1070510
1127140
1015730
1006400
369700
864540
1044770
968950
871190
1113690
651280
1011700
1054600
512220
1112340
1051410
926390
1009460
405530
954650
746580
1118840
629760
1108090
916050
1121530
817220
898790
992750
1026070
1148470
738540
1025130
1099170
1125480
953570
1126270
722960
764050
1176020
1010950
1026160
1153070
858860
814420
954240
1026610
1028500
1029080
1053020
1071920
1082440
1175170
886110
785760
1131540
1007050
1059090
494840
513250
1064900
1204720
1145410
1077600
1171440
1077530
1020270
1047120
1093920
905660
764690
1020340
1037560
922710
1087960
1033100
845690
1018930
833950
990900
1001600
1081120
1082470
1180610
270610
1030970
469800
991430
1001430
1026370
1125930
1067930
967460
929140
973850
1155720
997720
1168430
986680
882210
856060
1123340
1126850
1144080
1198600
1072120
783840
850980
1029980
729370
1070820
1022480
1095520
1096330
1116490
1172170
1008280
894000
994670
1151060
735600
734330
609420
1173280
1067020
1168280
1039830
1140140
1021850
1142550
1193990
1148650
623700
820630
1158660
882020
1004860
1085560
1002270
1025440
1096210
1138970
1200650
1063080
1069750
1191860
1129030
1055970
1116860
1149430
1188310
981260
748940
1116230
1167900
1033140
1197990
1126290
962810
1180790
899440
966330
742460
688770
1127070
1132070
579840
1037100
882410
1108350
1113680
1042330
976060
996000
1065460
1133950
995050
734900
858880
969690
1014570
1018900
1154470
1020470
1148400
965230
1164570
1093720
1013190
1043140
1115760
1181910
1117880
896750
1128480
940910
254940
1171310
774651
1138190
984680
862160
1071680
1056280
1090790
904700
690510
1116550
915130
1001220
590850
677380
1155960
937020
960590
1004510
1120800
1013870
961490
1156590
812650
959050
1055690
1155790
1081650
916440
878090
881090
929740
975290
1044730
1066040
1082000
1089110
1121230
1145450
1149660
1011390
485900
1028210
940680
1015770
1090390
1085990
1038630
1075430
999830
898080
1174500
388000
898910
951190
998270
1022870
1053270
1061540
1063820
1071660
1089770
1170960
1179460
1202710
977390
809230
1014370
1086750
1083190
487000
661230
1113310
935640
959130
1017610
1035110
1188250
884660
1201840
1118880
1196450
623540
765030
948020
1116990
408060
1058130
668650
1002210
1020830
1130990
718850
1053060
397160
980830
622720
1044450
907310
464260
1017100
760810
995230
1179560
1008800
1092730
1074300
1050000
876320
987880
1122490
772230
929910
984360
1005920
1026940
1039470
1046130
1047190
1054500
1074310
1083750
1152580
1178680
1182770
1085260
1077970
841660
1092000
399720
960710
1172530
1114530
946000
1016630
1051500
1076140
1136040
1169230
1170050
921900
1005050
1008920
1024010
1076230
545040
738860
1127980
656740
1035800
1058560
1170320
992700
1009700
1094930
1143350
1174170
610620
962220
1072610
1151600
904520
1013320
705290
1073310
1180250
1018010
1073220
1028170
1162680
844860
1114260
747690
925470
966670
1031020
1061150
1104220
486180
560600
784130
856670
927150
986930
995490
1011620
1083240
1104930
1139670
1146560
1169870
1197360
1035050
629970
697430
877440
972990
1027190
1197700
1059880
1098510
1186030
941020
1064150
1026130
1083760
1090190
1155590
1019230
657730
1064140
920200
922290
1029110
1039040
1090030
1099110
1103100
919640
405710
755470
937300
1157340
1166600
685340
1043430
849670
1180020
1133320
953900
1062040
1097120
1147390
842140
630550
1042800
629230
1156670
1052580
1080630
1093800
1129690
1149860
1169420
1190810
1194160
599080
955170
1085630
1091950
881560
1057130
1134180
777150
1006270
755800
1078970
543910
840300
897900
944300
955410
1001660
1009390
1012450
1014270
1030960
1034950
1043560
1050730
1052080
1055950
1056290
1058750
1109750
1124960
1125360
1125620
1142300
1144590
1174320
931280
1033880
1016770
612060
1005900
1010230
809720
936140
771810
676930
1011000
1157920
1123300
1025200
1048100
1133770
1063580
1054710
986020
433170
1089820
883080
1141220
998930
1089790
671100
1201800
1031170
652890
784010
996980
1033340
1042570
1070250
818410
998990
1063830
1126510
1018420
1032430
877940
1018990
1072030
840260
1096570
1177660
1060310
881420
930780
641960
430070
1041940
348910
1059430
298280
1001230
824830
1125870
1187620
539330
1030760
802050
1192890
1095790
715220
356820
895950
1150890
928670
988100
1006250
1011830
422010
911950
973100
983760
1021640
1033130
1043200
1045530
1047850
1052030
1054240
1070440
1102390
1135730
1140730
1162820
1173610
1203240
981750
1056510
1102100
1161650
896960
1066290
1035930
608670
716560
977100
994880
1062540
1120090
1127730
1048270
1090560
692690
1056750
999350
977300
1060670
606880
1013540
1108640
1140070
820640
1010650
1013580
1041100
1043890
1129180
1152920
1173120
1173850
942250
1116290
1060630
1127920
991780
887820
1045650
931860
840430
870730
1010780
1094290
994860
1089310
1113780
1128100
1092660
985430
1016960
1001070
1079620
793680
887900
1011130
1070780
818360
1148810
933860
1014020
1069390
994290
1041400
872810
1063960
1071900
1103520
1057430
1066140
668360
1168940
970730
1045020
1172280
899470
971620
629090
616920
1100030
1167770
1025710
1145120
1175470
1077410
1138260
952950
1022780
676830
1032170
729820
814510
881470
950310
999990
1002690
1020930
1073100
1077420
1130570
1139680
1142510
1181160
1124090
1046230
1006930
1042980
1092430
839080
555340
748310
755520
845840
965510
1025480
1063350
1095320
1102080
1125420
1081510
1167570
573100
419130
1098680
437730
1198760
948960
994260
1189460
976920
1079130
1069360
951670
1093670
1159000
1169880
1183740
934930
1019420
1119800
1056390
1040590
1112370
1153170
1079310
939960
1073490
1071330
858530
1061270
1099070
983350
990050
762030
992200
1028760
1048300
1051920
1065110
1093130
1113490
1036260
1091470
1137020
800290
1010830
1165180
1126090
1063130
908050
1193900
974200
779410
550650
1076210
644830
961620
504690
961420
1196400
1103800
928300
1037940
618210
973050
1100200
1185160
1160870
1012840
1063790
445800
1099530
606230
690200
521560
1012970
1186580
698870
1060180
736850
789380
973440
1100900
1122290
842430
903910
916240
981620
1006460
1035550
1066310
1157090
1164910
1180110
321400
889280
393420
920680
919370
1144850
632040
664240
668960
855510
878440
929400
943040
950890
957140
965240
969450
973410
1006160
1018560
1041500
1045140
1045390
1049310
1053740
1058510
1060000
1078930
1081550
1102510
1110350
1119740
1124950
1127320
1131780
1135860
1147220
1148620
1154420
1161680
1003600
1026910
1080250
1081890
1100210
1122740
1002360
1116650
997180
1101270
1004190
1022010
1073770
1121980
1204760
499660
1172940
945490
682530
1004650
1052150
1054390
882680
603110
992210
1133790
1124660
1197770
1010070
1055140
1139140
1185520
1101260
1153950
627350
681110
946650
1048570
1005130
372320
546160
1103130
1021690
1024980
1202420
711810
997730
1016930
754500
688740
975350
419710
629340
862460
903780
960240
984830
1002800
1044210
1048790
1049000
1084930
1090940
1154940
1174300
755500
958050
1053190
1158150
975640
1098100
1123400
1014560
1051590
1106080
1145770
1201880
958740
1044020
1081880
1132710
1142270
1010660
882150
1097420
1187030
439350
819020
622670
455300
903850
980950
905370
839420
1201870
1054560
912450
1141360
1192310
933160
1014420
1029560
1036990
1055890
1070220
1074220
1206110
932190
805900
865630
929640
931780
937520
968600
1002980
1008060
1014750
1025160
1028460
1029790
1038380
1049690
1050500
1057710
1059710
1069490
1072180
1076110
1084920
1085570
1086900
1111220
1119790
1122310
1124000
1126070
1128610
1132510
1133200
1134730
1147280
1148500
1171160
1171870
1190060
1190900
1044340
1152100
1020210
1069480
1158280
956500
1029100
603320
1089650
812040
989550
1077340
1113730
952540
1049140
1140880
1188660
965310
1003730
1050510
1073870
1083500
885790
892980
1091040
1111090
1130510
1138010
1143450
1198070
822990
1156730
857460
1098720
746930
864970
1147970
774151
973300
1097670
770860
844440
1009350
1013630
1039290
1052760
1071260
1072870
1074700
1133980
1143800
1144270
1148290
1152760
838010
872470
1126470
741510
1000410
1036910
1071510
1193550
1159500
1096720
1108560
987230
1161270
716640
1008910
667550
716250
795960
1017130
1054650
1054770
1101660
718590
1045340
1091940
739100
783340
1152210
1186270
816560
1147950
1138580
915330
945520
1014550
1083420
992330
994040
1081780
727040
922920
839450
998790
1035770
1064590
1129090
980940
1164390
1100270
1087270
1091980
428180
1042560
755790
1049800
848060
727130
1146940
1009950
1079570
467710
755920
968310
1016430
1034400
1104620
1115620
1133780
865940
1086680
1113970
1079630
330580
1000380
821250
970960
1041840
914320
823610
603010
1201450
949800
1083820
1056180
922040
996080
1085640
1158320
869290
991240
1054090
1160880
778650
812610
943920
971740
991510
992520
995920
997280
1000650
1007180
1007360
1010180
1012280
1016260
1023760
1027720
1046060
1059300
1063110
1089030
1101770
1103870
1104470
1105570
1108380
1117990
1121290
1123900
1128520
1143320
1148670
1152570
1155930
1157650
1163980
1165420
1168820
1177460
1199780
455100
1045850
1065630
1120240
1054550
987290
848430
932800
1077090
1197350
1200200
1202160
678900
1013750
1060240
1126260
800700
888220
903180
981270
991930
992950
1018720
1028880
1091260
1096130
1118580
1138800
1157810
1169310
1193520
546430
706990
991810
943140
1189230
875240
1181440
852300
1052440
588440
695050
747650
1107060
1151680
1178120
968820
844850
1087720
1128190
970580
1023570
1186160
386010
455310
1083810
684590
819980
979580
1007980
1020090
1058550
1083450
1095370
1122810
1146910
820610
1064660
981300
1000540
1128570
1129650
1149930
1086010
1018020
1101760
459370
766250
1039380
1079560
1103120
1206050
983170
1097520
885570
939850
671440
1127450
1153670
1037760
780350
1036750
632900
879160
661450
856220
952400
1121720
903040
979920
816020
770390
1016970
1106150
1078000
1061470
1065920
1137400
1048000
1087060
973000
235520
1069050
914420
918620
947060
983640
1024210
1043510
1053620
1058590
1092850
1125800
1142230
1157910
1185400
1197010
794260
1146100
973580
1090930
1035320
1165270
661290
508650
1113300
1016250
838380
1030580
1022840
1207880
1092260
871420
1091400
993850
999290
1074640
1097710
1137880
1139200
1141740
1144450
1157040
1166540
1204360
668780
990720
995720
1019730
1029050
1183170
1198060
1089860
1053000
1021070
1142130
812360
873830
926490
932950
966180
969530
976360
977310
994360
999030
1000130
1006730
1009210
1010920
1011860
1017240
1023280
1026560
1028250
1031320
1031580
1034030
1040190
1047800
1050010
1058570
1067390
1068680
1069120
1069290
1069970
1076770
1081490
1090650
1095860
1097760
1103640
1106980
1117340
1117980
1121100
1123070
1127210
1134190
1143170
1147840
1149580
1155090
1162370
1166710
1028750
1077890
979400
728740
956600
1008520
552600
1005060
1035010
1109420
1160820
1004490
679120
796430
1088950
926210
1162350
553520
1172090
1042780
940650
1088870
886820
794480
1054750
1070300
1176000
890280
1006800
1086810
837400
378360
1208030
934780
1072100
871530
1105810
1089660
1003360
1059460
739540
868150
908790
810060
868940
1014710
1121190
1125900
1026110
982040
1030090
1048880
722560
828900
1009990
501210
1098940
1103490
402940
1147490
1048560
1121650
938220
1142180
819280
1032660
1101170
749250
1001980
990280
994590
1004030
1004230
1032580
1037970
1041390
1047810
1054980
1066700
1093370
1095840
1097870
1111120
1113960
1130400
1136100
1161800
1162920
509580
582820
651640
908020
945100
1012990
1023260
1070230
1104460
783770
994190
778840
1106920
781480
938480
1051290
1052220
1074040
921730
944910
1190530
1077440
1017520
1132120
1000470
1038810
921710
773951
944180
943260
797400
1096410
1191100
911550
1034700
1015610
1087500
1190380
654450
795950
883560
995330
1006140
1030530
1053560
1105560
1081870
754850
718650
760050
950850
1081840
977050
1063910
1184400
995450
1089710
611260
949000
1055620
1136160
1035850
732400
1140440
929870
1019020
1074550
1161910
1163290
1186390
593600
1010850
1036900
1067650
1094640
1161570
1194390
1071320
1166320
1012830
785260
894270
1034810
1118920
1092980
907380
1180800
331430
552690
671470
750240
762980
788000
895610
915300
940850
945390
955550
981450
990390
996230
999250
1004310
1013670
1015550
1018240
1018980
1020430
1022550
1032070
1034390
1039860
1043030
1043130
1044840
1045300
1050900
1055020
1064360
1070990
1081630
1081990
1094170
1096290
1102230
1103340
1103620
1109940
1116200
1125820
1132930
1140520
1145000
1148750
1150800
1163470
1164860
1167430
1168360
1171560
1171570
1176800
1177820
1177960
1179500
1183600
1188100
1194170
1204280
1154650
1045350
864610
1033210
1049070
1060810
431450
1058200
643940
758440
905380
965410
1001200
1022610
1038100
1040720
1068120
1081250
1113950
1124710
1136080
1181390
1112400
1127390
950670
488730
1135680
918110
1015130
1110030
1162010
735060
772060
822920
1007940
1125400
1132090
1175100
1145530
447700
947890
1127360
1065200
1157750
775760
1185730
779340
1098080
437340
778870
799460
876780
904810
905070
957770
972420
999560
1014470
1031770
1043760
1056140
1056710
1060170
1060820
1068110
1081260
1088060
1091180
1093850
1094070
1094630
1098730
1105300
1110220
1116700
1118320
1130430
1134260
1135450
1137210
1142280
1144290
1148080
1168070
1171110
1188580
1194600
1196940
1202630
1083650
421170
1049420
1098700
1156250
680380
1132100
974180
995870
1036870
1071170
551860
1055310
777410
1003320
1117040
510000
1201370
719180
1011090
798930
1181330
1159520
492760
772730
1126990
676960
912070
915060
1023410
1073280
1160100
1196570
744900
748370
751820
1054110
1088090
1074510
1087780
1097810
827610
698590
1155830
906740
887090
853310
963490
987210
1064200
684620
1101130
1124980
1091640
957570
1097180
1155340
989580
1158010
856210
559260
1034240
1139000
662240
929200
448450
606790
746030
966660
974850
984020
985620
995900
1006920
1065410
1084530
1091910
1132110
1156640
1156980
1158830
1175050
793150
1029890
1011740
972760
1122240
996470
1071940
974390
1108190
1146880
355680
992260
1023320
1135710
991070
1024790
1141650
983290
1170200
1135740
1172500
1045080
889600
773440
1158770
666730
681730
954610
757300
933540
1015830
1104890
975470
1002030
853220
941150
974970
1006440
1092510
1146890
1175420
1151320
928180
1126190
919410
1003490
1019340
1024400
842100
731650
439420
1039580
454240
619270
644870
659060
711700
770850
817980
869850
922020
958490
974160
997370
1007880
1008010
1018080
1029150
1033580
1042130
1060460
1065890
1072350
1086630
1098090
1099980
1117970
1120600
1124810
1126340
1131160
1132050
1142320
1145970
1175150
1182790
1196390
1040430
1119100
839300
940310
1184570
1137730
1129660
1034160
577470
742510
985560
1144330
826180
1165750
970140
1099920
724690
1084080
1158690
1045840
1026420
893950
1092150
371700
451940
609360
662550
690950
755340
824900
855620
862630
891340
921890
939560
950570
959400
983790
995930
1001740
1003840
1010000
1017490
1017630
1017660
1021370
1022630
1024860
1026430
1032060
1032440
1035490
1037000
1039910
1048850
1050690
1053920
1059370
1060870
1061360
1063100
1063360
1066010
1068990
1075910
1076050
1076360
1077680
1079610
1079730
1082860
1087610
1090370
1090380
1090690
1090960
1095140
1097570
1105140
1105870
1120970
1124410
1125350
1126950
1129410
1129720
1131460
1131520
1136090
1137650
1141390
1144690
1145050
1146090
1150610
1154490
1155730
1156780
1161660
1165020
1165540
1169000
1170170
1184310
1184700
1185630
1186280
1193660
1196170
1197020
1200160
1202820
794580
987240
1015020
1154720
1127900
950050
1028730
1072170
405670
763710
1042160
498000
746900
914030
935250
955540
977450
978510
997170
1003230
1006120
1020080
1042460
1049530
1052370
1060570
1068700
1069940
1070180
1081410
1090420
1096120
1118470
1141870
1144630
1179410
1180940
1185950
1194330
997240
1136240
1036200
1090210
1036850
1206930
1007350
945160
704270
1021860
905490
872680
1058350
1052090
1093760
906510
1067520
1075370
1137180
996160
997260
1002890
1029070
1030360
1031910
1039330
1053780
1064080
1064800
1065680
1074530
1120050
1144100
1150400
1195350
1011810
1177690
661500
1054030
1134200
1160780
1186670
1064670
1165170
1037410
866010
616640
754320
958680
1026670
1027230
1165570
696280
736470
828350
1005730
1093150
1095850
1117480
1120700
1187790
526160
290470
340150
985530
1154320
1151750
588630
1047480
984800
349270
1111540
977690
857540
1044310
557580
966720
812160
1163600
959350
1034740
1111810
699670
640800
1065580
467720
946380
978970
931470
988430
887800
1033170
1087970
1112050
1177890
923710
922500
1204270
872040
984730
1008740
1054990
1069460
1070110
1088630
647640
815440
1166780
1166580
483490
804780
805520
869120
882840
930500
949070
1005080
1009590
1013100
1016660
1024540
1026020
1034380
1045130
1048960
1069520
1080930
1085280
1092060
1095200
1097160
1102700
1109880
1110670
1111960
1117360
1127100
1129550
1131680
1131790
1132160
1137660
1143780
1148090
1151460
1164330
1169160
1174850
1175590
1185390
1188590
1204530
1097840
1171240
858100
926450
1011970
1068640
1183030
1186600
818390
1045590
989770
1094320
978720
321980
1098190
982710
1006720
1013950
1172660
1036120
891490
916960
983830
1041130
1079810
1093900
696880
697670
910380
915730
1008820
1031330
1032510
1058220
1069140
1069610
1084970
1098390
1117590
1121400
1137860
1169430
1187950
1193460
694680
1193040
1007800
848330
993810
1093300
1126440
975430
1008580
892510
594040
991790
693960
1074610
1055380
976020
730450
840580
957680
1075390
628320
1018170
1112240
345020
978960
1159540
655780
941730
1166230
1052380
1166240
1107040
851930
1012610
1026680
1106060
1013680
657090
1083310
1071490
939350
1123790
1152020
1114230
1041450
1081240
649950
977560
1007730
1129680
1146500
1019940
1107370
1137700
1161900
1091570
814400
1041320
881050
893640
1002540
1115840
1192740
962150
1013450
1034280
1040740
1044520
1123460
756530
1013960
1063240
953870
1066240
467440
601520
628940
652250
703960
731670
779920
783400
884630
894090
919440
922560
931880
944960
976970
979350
979880
980630
981250
982390
985930
989750
994450
997530
1002860
1006430
1011120
1012650
1013290
1016330
1017440
1017650
1019400
1022820
1025360
1028900
1031830
1032230
1035410
1035470
1035790
1039430
1043060
1043580
1044070
1052670
1055180
1061390
1061420
1062390
1063070
1063140
1069920
1070030
1072280
1076940
1079050
1084090
1085540
1086140
1087310
1093120
1098250
1099660
1104840
1108250
1109790
1110020
1112250
1115630
1116360
1117560
1124380
1125340
1126820
1128770
1134120
1136470
1140260
1142460
1143390
1146000
1148200
1148270
1150810
1151650
1152660
1159070
1159610
1168550
1168960
1174120
1174490
1175650
1179340
1182590
1184590
1187780
1188280
1193200
1193350
1194380
1200660
1204540
1206470
487120
770490
963400
991620
1051300
1067400
1203580
1015080
950240
1157020
1010150
1148320
1004270
1191680
858680
703860
984250
992610
1002630
833030
1114360
573490
1048950
1172390
876220
918430
930620
1064310
254900
638470
736920
843700
876260
945590
972520
1005890
1006450
1015250
1016420
1022650
1067050
1087480
1104250
1116180
1124430
1148030
1166000
989690
985400
1192580
843360
1182040
375810
782050
794780
990400
994350
1037090
1039080
1081800
1095710
1131450
1083210
966090
1059150
1086030
1088590
738030
867470
873470
907560
924870
930600
957810
964060
992790
993370
1002520
1019270
1020650
1024100
1028610
1030170
1047930
1048090
1048470
1050190
1054180
1054640
1057390
1060560
1065770
1068510
1070160
1080120
1085900
1092270
1110280
1111310
1138810
1142450
1149700
1151570
1154800
1168050
1168600
1170110
1174440
1175570
1190310
1200520
1051890
812960
909570
1072310
1015750
1091210
731950
1030470
1109070
1045120
1099960
1002960
342310
696600
1097000
1019250
950700
777770
1036440
1038620
1024800
877080
1063890
881320
973090
1120210
1087700
601250
828320
1002970
1024080
1036000
1040610
1064580
1064910
1091270
1097330
1110840
1186730
1199900
1151720
1044130
975050
1058740
1015800
669320
1134030
671510
439340
865370
1028850
1063050
1122830
1166120
1012800
1096730
1131960
501020
1116340
1046370
1013890
1053960
1105660
1114730
1070320
933230
1021220
1080130
1203890
1051130
1100510
865250
580820
1032340
1050230
1064090
1000080
963770
1094050
1151670
746110
857300
1002440
1005330
1029040
1029160
1061900
1063220
1064320
1066950
1068480
1081190
1104490
1105430
1127030
1138130
1139240
1143740
1155620
1193120
1086640
880300
444470
806490
825370
992870
1004500
1028520
1110640
1136930
1163480
1180620
1098150
1085270
857480
649240
1027970
1119620
1169170
735660
1102780
960320
1173270
893020
1002020
1045930
1081740
539090
731310
759260
1048040
1061680
1040080
1064990
1194770
985760
978190
1086470
459080
420330
530130
1014970
1036800
1052360
1067030
1088160
1106200
1168800
1075000
1088600
1141450
1185870
897640
1028440
674170
525210
1008870
1062220
1093360
1208520
866450
941350
945810
969060
991530
996860
996920
997000
998630
1000600
1001500
1002310
1007820
1015540
1028340
1035700
1036420
1053330
1070590
1074330
1075750
1087190
1095380
1119760
1134250
1138900
1164470
1167530
1180530
1198240
936960
787840
936070
970870
1009780
1034270
1037010
1060620
1128660
1190840
1015660
1148920
1081560
1023970
1084980
1085610
1112790
1042990
871310
917850
1053730
1082750
1148940
1014460
987950
1047240
1115380
779290
739130
1065350
1037570
1098210
1017080
656700
694830
873900
1068520
1160500
1182820
1065210
1166980
1078520
926400
1007430
1029920
1091170
1197670
1157620
1175950
1036930
1117810
1172140
971120
1002610
824280
938380
1166740
334360
795120
885220
921050
968480
984300
994900
1000810
1006760
1010480
1027530
1027610
1032240
1038430
1042110
1046330
1058840
1061850
1067280
1068770
1071890
1074150
1079600
1088440
1095550
1097900
1099470
1104230
1109650
1112700
1118570
1126860
1134070
1134390
1154290
1159550
1161300
1176590
1193780
1200250
1075140
871390
948660
1010410
1094110
1114960
1115060
1145550
1156420
1195620
1033450
1011070
1152440
987670
1000100
1013360
1017580
1056010
1060450
1061600
1174920
941650
929060
1072270
1147960
864920
1058930
1033510
1053160
1075400
268930
859280
839930
244930
1016720
1102580
504620
944450
979740
1014730
1100970
924250
986080
1145780
504050
836850
1089810
937050
1024670
971610
1023030
1102060
1102260
1125490
1133210
1165820
1158840
876460
983980
1014010
988240
968440
1034250
1045920
1133420
1049950
1015710
954720
1031540
1178200
1104100
402080
432390
459730
467650
485770
494820
500090
701820
708590
734090
737660
803760
806550
828420
848070
848470
895510
919730
927120
936270
936770
942440
951420
961000
963470
967940
973350
975670
978660
978980
981710
983100
992560
995060
996620
997310
998690
999890
1001570
1007930
1010420
1014790
1015820
1017270
1018810
1021060
1022270
1022320
1024730
1027930
1033370
1035260
1035430
1036620
1037850
1040000
1040150
1040750
1043160
1043790
1047340
1047840
1049380
1051600
1053640
1053700
1053820
1056320
1057120
1057460
1059760
1061200
1063060
1064480
1064520
1064620
1065690
1066620
1067380
1068420
1071070
1071760
1077030
1077330
1078950
1079910
1080310
1081430
1083270
1084910
1088910
1092760
1092830
1095810
1097470
1097630
1100560
1100840
1101220
1101340
1102210
1103390
1103540
1104910
1105150
1105490
1106730
1107170
1107920
1112760
1114140
1115020
1116190
1124550
1124800
1125290
1126970
1127010
1127560
1127580
1128680
1129240
1132640
1132850
1133970
1135480
1136900
1137930
1138330
1140700
1140950
1142200
1148680
1153710
1156330
1157860
1157980
1161200
1170870
1171880
1171990
1177370
1177480
1179190
1179350
1181070
1182720
1183660
1184470
1184640
1187190
1189470
1195450
1204480
1207520
1004560
997430
1046670
1052870
1060770
1127820
1151840
1182670
906770
960900
1047380
1023370
973060
645230
751060
763430
773460
1159360
520660
783860
889170
904380
1102880
1029240
1049660
763990
982450
814320
814870
912390
913130
963860
993500
999360
999430
1004600
1012360
1019790
1020420
1024520
1025000
1049090
1058630
1077560
1078750
1083990
1089050
1101840
1124190
1125730
1126280
1127180
1129350
1025580
1061300
1052210
1079440
1105730
1205590
1029900
1082110
1128450
1170180
940580
1155420
1056860
809340
1008000
619230
974150
1053650
1066670
1130590
1032120
1058370
987720
1083430
762830
1022990
1163150
782670
903730
899390
1054370
1138300
641080
1017350
345330
629550
768470
875810
955860
965250
982850
1001010
1001590
1007870
1011240
1013120
1022130
1024490
1025230
1046570
1059840
1115860
1126550
1137900
1138030
1140510
1152670
1167760
1170830
1045070
1081040
953300
970400
530860
993640
1144740
1015700
1131330
977490
1200910
722660
1043000
314860
1174720
1061490
1092210
1065380
361790
1028490
1034120
1034260
1046650
1071060
1096980
1108630
1116020
1181470
1193530
1208850
1171140
977500
1150990
1107620
1147670
617640
1097310
1015430
1070190
951940
683310
789010
1007260
1031640
1037350
1077760
1090580
1098540
1196520
1018610
1012900
758250
1065390
766680
1000860
966000
1063380
746000
1116090
1116890
1120850
1181220
1192500
1197320
1028740
577410
1080780
1148430
1059280
813400
989340
1053940
1167540
998570
1037420
1062670
1069270
1031140
1188260
701610
889720
1045510
983070
1168290
308540
657810
1096240
1119870
1084630
1007740
1008510
921390
994790
1131400
1173350
808090
1078640
956580
1134480
704430
775590
800170
807990
883900
907190
908940
936210
938210
942530
955120
981500
988250
995850
1002910
1005250
1012490
1019820
1023310
1025540
1028480
1028550
1028660
1032040
1038120
1045400
1048420
1053090
1055780
1056070
1059310
1059660
1072760
1086060
1086180
1088960
1101100
1103460
1106740
1108820
1117000
1124860
1129610
1131430
1131490
1137810
1139840
1142090
1148120
1150480
1155130
1155670
1159260
1159480
1163960
1163990
1170160
1175690
1179440
1180450
1184780
1187490
1193930
1108740
1015480
905090
524010
876190
1040820
1048080
1170980
1176190
1169490
815290
984690
1055090
682490
926180
1094080
1024630
1088880
978840
995700
1069380
1095450
1103810
1149080
488440
1002280
1004000
1118700
1011270
1081710
1175980
1091010
1085150
1031590
1034920
1070410
1096000
1168830
1193570
383940
603910
649970
737670
788020
846130
984930
988110
996730
1014180
1014350
1023640
1034560
1051330
1063340
1076100
1085840
1093750
1109350
1114910
1116660
1116670
1135750
1151880
1151940
1152040
1152230
1155560
1163100
1176040
1190590
1191190
1191450
1197530
1202990
1065570
1083480
363950
370690
683180
714130
897830
938320
1028110
1047140
1127690
1154210
1162440
1192860
920690
806530
965460
952230
1042820
1073410
659500
421790
1163560
1023750
515060
875160
952930
963900
965000
1000990
1030180
1068910
1089140
1109080
1113580
1125130
1137050
1164550
1181290
1021670
1014990
1022530
1046980
1066200
1155410
1194620
689020
841340
861080
906660
1011470
1012580
1016850
1032020
1043120
1077490
1082500
1091240
1091520
1098140
1102750
1123150
1189350
1201000
390560
1181130
1128900
1108620
1159510
744040
979160
1056170
989450
1106690
1076920
954080
1009180
1013350
1124640
1161840
1012410
706020
1007390
803980
909100
1037690
1155990
1072480
801210
750050
1007210
1007280
1107130
1166090
1078800
556440
1003070
1014920
1103320
844870
1108320
548570
1037110
1041780
1061160
1062480
1071310
1088070
1096950
1158910
391460
941120
1039370
1013130
617450
950990
762650
988480
808540
985800
1014100
1055590
1128270
1132860
1139830
1054790
494050
548240
370870
1002830
1081090
450850
1127930
1064020
990030
833370
933830
933930
1014900
1021820
1031800
1068800
1078870
1191330
1031700
463510
957780
1122980
896230
675410
1123140
818780
827880
962290
992680
1037930
1043470
1059500
1141990
1184550
951680
1065950
957830
740550
1056500
980090
939830
1007140
1012860
1019060
1020390
1026080
1041270
1053750
1055150
1056480
1062020
1066210
1087950
1091970
1095680
1116030
1124210
1128160
1166050
1179400
647590
765880
1087730
1162170
1115650
840800
965320
298610
1094580
873220
976410
1018000
789750
814660
1076640
419700
1048710
677710
869650
898310
970910
985500
1001550
1002420
1006830
1012390
1028770
1035880
1046740
1049030
1051470
1059690
1071880
1089880
1095590
1116240
1131830
1137070
1154350
1166800
1174830
1192410
1195570
1036970
1094000
997030
872350
803350
724260
737880
1195460
660830
982060
1091200
1127310
570820
1030410
1038440
1040310
1070890
1101080
1126220
1136070
987410
1042020
725620
790250
794040
895450
944730
970890
1015650
1020250
1023040
1024590
1025510
1025530
1034610
1044350
1046530
1049270
1050210
1051280
1065250
1069540
1084420
1096230
1101480
1101850
1128430
1128830
1129110
1138530
1148040
1151310
1151860
1168740
1179750
1186960
1188800
1209760
1042170
942900
1007540
1118050
1150790
1029630
1074770
859180
651120
914950
933390
989190
998830
1022280
1040890
1049570
1066030
1085390
1131280
879850
897300
671600
970940
1099840
1172060
1010860
1094880
1139060
1035310
1106720
1143610
262370
1018040
1036600
424610
508250
533740
756890
806560
811470
817920
824440
863840
899090
905390
918450
930860
944500
947070
957280
966730
979000
981440
984880
997670
1002580
1008260
1009240
1010930
1011260
1011760
1014600
1016690
1017750
1019690
1022160
1024250
1024530
1025520
1033090
1037140
1039550
1040810
1046070
1048320
1051220
1053040
1055030
1061120
1064050
1067370
1073960
1082620
1094100
1095540
1104030
1107660
1114660
1117710
1118640
1119670
1120340
1123570
1128420
1146780
1149120
1156650
1161510
1164040
1165490
1176440
1177390
1178480
1188690
1193450
1202510
842850
899200
1128910
502460
691420
935910
1075480
1111660
1118100
1137220
1145820
375570
413650
451590
462380
748780
770010
773660
781840
808870
812890
820780
841580
844020
845110
846320
852880
876270
885480
886210
903700
908660
921660
925330
930360
930470
936580
940070
943310
946950
947880
948790
955840
958190
963180
973690
974430
975520
977780
981540
982320
984990
985870
989400
992880
999280
1000900
1000980
1001730
1002500
1003690
1003960
1005390
1006090
1006190
1006410
1008450
1009030
1009300
1009370
1011460
1012600
1014310
1014660
1014720
1015120
1015290
1016890
1018380
1019260
1019370
1023100
1023180
1024470
1025010
1025320
1025330
1025420
1026180
1027550
1027790
1027830
1029020
1029230
1029540
1029640
1029840
1029950
1031370
1031380
1032080
1032770
1033360
1035280
1035830
1036460
1037270
1039800
1040480
1041020
1041160
1041650
1042100
1043480
1044740
1045150
1045280
1047350
1049720
1050430
1050620
1050660
1050700
1051940
1052660
1054150
1054590
1055280
1055940
1059470
1060020
1060350
1060840
1064450
1064920
1064960
1065870
1066930
1069720
1069840
1070390
1070460
1071640
1071740
1071970
1072140
1073710
1073790
1073990
1074860
1076350
1077390
1078820
1080090
1080950
1081020
1081350
1081420
1082480
1084560
1085230
1086670
1086980
1089520
1090340
1090350
1092070
1093770
1094120
1095400
1095880
1097830
1097860
1098360
1102940
1103000
1103070
1103970
1108020
1108040
1109890
1110780
1111870
1112670
1113210
1113230
1113380
1115090
1115830
1115960
1117150
1118950
1121460
1122440
1123850
1124170
1124310
1125450
1126680
1127520
1128010
1128200
1129230
1129700
1131230
1131690
1133250
1133540
1134140
1136680
1137360
1140720
1142440
1142560
1142890
1145280
1146160
1147640
1148110
1148300
1148740
1149070
1149180
1149340
1150670
1151370
1152890
1152910
1152990
1153300
1153320
1153580
1156850
1157070
1157100
1158990
1160740
1161120
1161140
1164350
1165520
1165830
1167590
1168790
1169050
1170030
1171770
1172220
1172640
1172850
1174540
1174970
1177190
1177270
1177310
1177510
1178700
1179430
1179530
1180000
1181880
1185500
1185580
1186080
1186170
1186680
1189090
1189250
1191650
1192270
1193280
1193420
1193950
1198340
1198890
1199800
1200590
1203310
1208400
934120
1044640
1015350
1165380
501220
773540
1076280
976800
1033810
1057740
717300
1025500
1197060
989540
1006600
1036270
1090470
1143440
750800
999270
1087350
539050
923530
952680
1096910
1177070
955490
1016980
1027800
1048020
1076830
1077200
1119890
1149090
1150310
1164410
1200430
576650
1119690
1039890
964240
1047090
1113640
935490
1071700
1096010
489940
950370
771690
1021260
1193110
1002850
1036980
834060
390090
1081470
393800
1005340
1182760
1064160
987740
1102720
1153690
859580
1020330
743960
917830
948080
987200
1019580
1054610
1133570
1137490
895200
916930
1102500
1105420
605140
1049880
1065230
1127290
939510
949420
577710
1017560
1043360
1049360
1061220
997060
467060
632100
1049820
1119430
999640
910450
1048900
652030
1132080
1140410
1001040
1132210
672040
1014590
1072890
265730
505020
639180
670240
677610
856650
1002180
1006390
1031290
1031840
1034410
1034870
1037150
1047160
1078450
1080060
1085950
1092750
1122210
1128840
1137620
1155810
1183300
1190180
1199220
1110830
980850
1049130
648440
498340
603730
746880
958130
1047110
1092650
1092770
1156050
953370
799500
1072000
1124070
1041680
968730
1044200
1047830
1053170
712880
868810
890480
892960
893360
909630
980320
987180
990500
1012720
1013700
1027900
1174900
865160
1057810
1109690
485440
1118350
1008680
1085010
1104830
1185000
339830
782140
1051570
880850
1011300
962390
989560
1148260
311310
777430
1051170
1013830
1045680
1052900
1198700
1085190
839500
941850
1029990
1104390
1119970
993990
853240
523750
1155120
617850
682160
762630
781680
872690
881670
898430
961560
995910
1003830
1007440
1018820
1021840
1024570
1027700
1031630
1041060
1047620
1049490
1053970
1062470
1069250
1073080
1079430
1081600
1086820
1093950
1094130
1098440
1118690
1120160
1121570
1124400
1127200
1127350
1128440
1132600
1136790
1137690
1149630
1150140
1158820
1161810
1166790
1176970
1186510
1000110
1084870
779450
1008140
985740
1033240
1112380
794270
779950
855970
1026390
1043610
1044920
1159350
915490
1048830
1160360
392150
636360
815300
938350
990740
1017600
1054310
1068860
1069820
1073230
1111200
1113390
1135380
1180550
1183140
1201220
649190
803720
889790
892930
1002200
1031210
1119770
1204880
973390
895060
628710
1057180
1003880
1148010
1173260
743580
1084520
252390
660920
1143680
877510
1155980
919220
994160
1049220
946070
979900
1065960
773590
684580
1111300
1013710
1154730
1176580
911400
896510
979530
1010490
1035920
1142760
1061730
1063560
808220
959920
967450
989710
991760
998730
1017670
1042230
1051160
1058210
1073640
1082650
1117760
1118940
1157120
995430
947530
1098760
1119950
1019630
1077550
896170
1067200
1180380
798230
879200
889130
906650
914250
981670
1001380
1010590
1014820
1021130
1025550
1030190
1031660
1033860
1054620
1059860
1068340
1115820
1118550
1132840
1146390
1148000
1157080
1168970
1195870
988940
1037960
1136440
289060
730710
779380
922480
1005630
1025890
1069710
1158480
351290
1078770
1114830
1067810
827420
1020840
1117120
887370
1108540
1110650
774241
1155920
352430
1153250
603560
615070
787050
810250
843650
856190
879480
895740
907030
907870
921450
929080
944720
953220
960600
962280
974220
976950
984870
985690
987620
989370
1004570
1018110
1020560
1028010
1030520
1036780
1038070
1047780
1048260
1049680
1052470
1055770
1060510
1062680
1064930
1065650
1065780
1065930
1069000
1074400
1084460
1086250
1086270
1090660
1091670
1092180
1093220
1094020
1096960
1103250
1103290
1110010
1118790
1120640
1121120
1124130
1124270
1125600
1132460
1134040
1135760
1136010
1137670
1139920
1140530
1141250
1141660
1142290
1148330
1149210
1152360
1152640
1152830
1155910
1156130
1156290
1157360
1160190
1165350
1172080
1174430
1179170
1179840
1183980
1184360
1186320
1186720
1187900
1187910
1190560
1194220
1197380
1197500
1201770
1206270
1000480
1010330
1013340
1036840
1041890
1042750
1096630
1119380
1142360
1145810
1183080
867290
1103780
961040
1006700
1076040
1140760
1154170
1066220
989050
1112570
960330
1175730
890110
1002930
676760
403840
648660
1066090
1178330
763290
806230
949680
986340
999040
1000790
1001910
1044750
1045060
1056520
1078130
1098640
1098810
1113930
1134050
1165590
1183230
973700
910540
999310
1013070
1018750
1057820
1096750
1109310
1113060
1119530
1120280
1156550
1161330
1181020
893500
1163460
1059040
1079790
1010270
808770
1073210
1119560
764920
1094060
967410
1011030
1104710
731890
981850
1185330
1015470
1038450
618100
942320
949910
1023150
1039560
1054470
1125000
916100
884320
1098200
1028860
997560
953990
1006880
1094010
1108550
991260
1016760
759570
1018270
892210
1013660
1023720
1068980
1084770
1132830
1141150
1150650
1155480
1162690
1162880
1197960
1202730
693800
1063310
588210
280850
926810
998020
1000550
1002410
1114000
1078560
530110
872490
1038640
1057420
1066230
1120920
1127620
1181120
1204870
392040
977340
1145270
803800
987450
1044170
673140
863150
929470
929570
953150
957150
960340
964100
996430
1002670
1004350
1009150
1014620
1022000
1032570
1033230
1070980
1073400
1080240
1081960
1082940
1094440
1103400
1112840
1124390
1124790
1131840
1133530
1137250
1137820
1137870
1138020
1140060
1140900
1142860
1147710
1148420
1149220
1153990
1156970
1160800
1174260
1174990
1178310
1189600
1193160
977160
1060300
1101940
1107210
1107350
1024430
1042150
955600
1042090
1061970
1083490
1102250
1115420
1120410
1165280
834800
1020410
854110
1050240
1017940
717800
995790
996380
995240
1037840
1074370
1194140
1058110
934830
992620
1010540
1182200
898590
1134150
628330
965180
1053660
1144170
1147660
494780
959770
991680
1033710
1105770
1123620
1126840
1046600
1042030
1033910
1051260
1162670
1023510
535350
879260
892180
906750
909500
939410
963150
989250
1002650
1011870
1011960
1015100
1024330
1027960
1030730
1049370
1049510
1052480
1062120
1062660
1093280
1099010
1115030
1129480
1137230
1152550
1171330
1178690
1183750
1196190
1112870
929010
1023980
655940
998150
1008610
1053850
1089080
1107490
1133450
793490
568070
1058500
1020600
1172430
1086070
547860
1125250
491180
942760
1017480
1031570
1068530
1064860
1082720
1168650
713380
1059160
681150
1024780
1034370
1087600
660560
664890
719630
788250
925880
970880
1007200
1011980
1016010
1019740
1037330
1056650
1073060
1079550
1087820
1105480
1107450
1131270
1131660
1131990
1132750
1134470
1145460
1157350
1162400
1183280
1190480
1210410
957080
931650
1150850
738600
1063470
980160
738550
1056050
1109400
755080
993690
1041760
1138280
699740
693750
434580
774661
963370
970030
1015580
1028820
1060370
1088540
1141770
1154570
963290
1018060
1122150
1079720
1012730
1041670
669290
969970
851110
1006150
1136830
1139020
1007240
1060380
1063850
1071090
1085240
1133610
1148530
1028130
1162520
1135400
1069670
1069910
461870
981290
722290
911200
937740
1027480
1061430
1140020
854770
994200
824070
1015090
999190
811880
594000
1020490
1035190
1036530
1095070
1097270
1184040
799350
1092500
982510
877980
913260
964960
981140
1081850
952090
909510
1133730
1056080
1057770
797410
1159020
1085520
1044630
1112960
1029730
573110
1042080
1165610
1186260
1064170
1136960
966560
923590
975660
987790
1002920
773830
936620
1031670
1141930
1157250
427950
1027600
949690
350300
857600
992640
914110
1045110
677480
579120
1089350
966460
896950
605100
1058980
1011550
1070950
551610
924100
1023060
876880
881500
1038680
1075790
1142750
709490
1027520
1059240
1072720
1152250
845960
944260
1009910
1028380
846830
928410
1020980
1065830
1079480
1084050
1104960
1185660
1196260
1027140
1045220
1060590
1063160
1067450
290850
668290
956870
1009690
1010840
1019040
1050180
1057560
1059260
1076290
1088040
1106970
1138290
1138370
604550
762850
844760
856270
892160
962060
994230
1010380
1012370
1015530
1037260
1045310
1051190
1060400
1072340
1111610
1114700
1132620
1141700
1146480
1152050
1156680
1160050
1166250
1182680
1189590
1190690
786020
827530
864950
976320
992960
996710
1008390
1022040
1025990
1055660
1061620
1094460
1095300
1101290
1107580
1108130
1122090
1122710
1133310
1154010
1155800
1161220
1164760
1169510
1201200
1203760
559630
689610
715350
781630
961190
964420
978910
989260
995890
998590
999930
1004780
1006770
1011820
1016350
1016750
1020480
1022640
1023130
1031850
1036550
1037600
1048410
1053300
1058760
1060890
1061790
1064650
1067100
1071580
1080370
1082730
1085820
1086260
1088720
1089290
1089640
1092580
1095870
1116300
1119500
1120770
1121250
1126430
1129080
1136770
1136820
1141380
1143470
1145580
1146350
1147020
1153220
1172760
1180690
1194100
1200120
1200280
1204650
584080
619610
659780
707040
723180
730170
789840
799210
802480
803840
844990
860270
906450
908030
917990
924660
929150
931480
947110
948490
953640
972480
974920
975100
983900
987370
993490
994170
996140
1001450
1003850
1004790
1005780
1007230
1008970
1010430
1013200
1013940
1016100
1023010
1032140
1035960
1041070
1041630
1041660
1047020
1049230
1049930
1055360
1055420
1057150
1062530
1064440
1066840
1067040
1070450
1071500
1071950
1073620
1078060
1078590
1079890
1081320
1084880
1095360
1096650
1100070
1104170
1104510
1108780
1109550
1111250
1111340
1111420
1112200
1118670
1121340
1124520
1124630
1129200
1131580
1134600
1140350
1144820
1146280
1148630
1149190
1152480
1154560
1154860
1155600
1159040
1159770
1163950
1164520
1165460
1167090
1167650
1169770
1171620
1185190
1189380
1190640
1192840
1192950
1193600
1194650
1194890
1196320
1200450
1204210
1208470
815940
975680
285380
1104640
538990
985720
987330
937950
1023870
688660
1067110
783310
959520
871810
942580
1114270
1012460
1081760
1050670
1089570
753210
936490
1058330
424850
1041140
1164440
1005420
1070770
1096970
920710
982800
1096510
1118600
1182070
1055000
1117680
886710
1016650
1155680
1169070
1170290
1171810
1178710
1008290
1059830
1033700
340210
376620
500980
547130
616490
964920
1043380
1106670
721850
1038650
1073860
908260
949810
966760
1056420
1059080
1068490
1076950
1107720
1112940
1131940
1142070
1143420
1160900
637310
782070
997050
1191500
677180
1013040
1059190
744270
1066600
1151610
1162590
528900
907250
966540
1035860
1046750
1051270
1052600
1086310
1117330
1144760
1201500
648060
1079330
1104870
1028800
716610
967240
1001240
1036820
1056580
1104670
769540
954970
969940
977790
983240
1013000
1027200
1029470
1058150
1073370
1076410
1077540
1104480
1105530
1114020
1147600
1150220
1169030
1171070
1014810
756560
1003940
1040940
1054930
819400
1009900
1190410
1056970
995480
819500
995140
1098870
1099630
979810
1123550
950260
1007560
1014840
1024690
1025430
1032560
1035270
1035900
1041300
1054250
1059620
1067060
1081400
1083260
1084010
1088010
1103430
1112330
1120680
1122460
1123870
1134530
1139130
1148540
1151770
1154150
1184230
1195170
1196160
969880
1081810
915670
1002100
948070
1023650
1061250
1150070
838820
998480
694720
1026960
1192070
1168000
990060
1020660
1108240
295650
1120580
1137170
982760
1021120
1063230
575850
1047720
1063440
981910
1051670
656300
658090
693820
772110
908440
939740
940380
971180
978580
987040
995340
998300
999540
1004100
1004320
1013970
1014890
1019150
1026810
1028830
1029530
1034440
1034820
1036400
1037950
1042310
1048690
1049040
1049080
1050350
1058680
1068230
1085080
1088110
1090520
1091050
1094190
1097340
1098620
1098980
1108660
1112010
1128670
1131470
1134500
1143330
1144520
1149910
1153720
1160850
1173500
1175510
1197340
549040
1068150
1116870
943150
1126770
767310
1008320
1087100
950400
1061640
987350
1157790
1186290
909270
1022920
1031200
1034230
1050560
1107510
1118730
1124850
1146700
1181010
869130
1118930
1056960
837430
990940
1069900
1085110
1140970
1062260
1013410
978620
1011220
1117900
1041710
1025740
1098790
585820
848710
870400
891990
906240
934500
1007490
1028160
1032210
1060060
1087910
1101000
1102200
1136420
1140930
1124530
697250
895150
861050
1010450
432110
1121310
674730
984070
1038830
1052550
1109740
1151400
1043350
448990
603990
672480
824220
892460
905960
917710
924390
925600
951780
981050
981980
987780
989010
993650
996170
1002750
1008850
1009940
1011440
1014450
1021650
1028360
1031310
1033250
1033630
1036030
1037430
1040900
1041330
1051320
1052250
1063210
1064710
1065050
1070430
1077150
1077570
1078080
1081460
1091350
1097400
1102890
1110200
1110870
1115670
1120820
1130660
1131360
1134130
1146810
1147370
1150900
1153860
1172000
1172820
1186590
1196550
985710
921590
718380
1149370
1181280
1039570
846660
974620
1044950
1050150
1085310
1111880
1114110
1145180
241000
288000
676310
951470
970690
1006680
1025650
1086490
1109700
1119640
1094660
1052420
1111270
1121490
630490
1018870
1120960
695720
1009040
798710
846850
1026060
1033670
1043040
1052310
1113530
1135900
914180
1103920
1116910
992040
1007080
1007950
1047750
1115660
1158390
1020540
1015500
1053870
1116470
704880
1046240
1003010
811080
990240
1030240
1110490
563740
1006900
1025870
1026770
1034130
1056660
1068130
1125030
1070800
1030380
1105970
847550
1029120
1083700
1098670
781030
972920
1018730
694400
765730
828480
925810
943710
989000
1003670
1011310
1025270
1026210
1061650
1063330
1072930
1078780
1081110
1081170
1103590
1131640
1132010
1132020
1132360
1144260
1163490
1171640
1173070
1176850
1187740
1198110
1001640
1024970
1141950
990850
1138060
872630
959280
1004550
1104050
1051250
1158500
345690
1015240
1016610
1028950
1145430
814740
1140110
1071080
1058940
1072050
1082490
1115570
1121770
1133350
1135410
1141180
1161440
1191270
1175970
820890
1058660
1102150
994320
869060
1140500
1032260
1065670
1076530
960150
654700
783850
1009810
1028280
1038850
1086690
1133230
1163320
1178380
1196350
1070240
1083850
1191820
887720
943130
1109110
836590
938370
1050810
1182970
926730
983880
398950
556200
681580
682820
768630
787410
799340
806300
811690
873140
873530
874630
875320
897970
903570
936970
937040
948270
952980
960630
981040
988000
988080
994250
1000040
1000370
1002950
1005090
1005820
1008990
1009510
1009770
1010710
1010740
1012710
1013400
1019030
1019170
1019500
1019710
1022380
1023090
1024070
1024720
1025390
1025450
1027690
1028330
1029750
1029930
1031470
1033660
1034460
1034830
1035220
1035300
1035500
1036330
1037340
1038410
1043370
1046110
1052590
1052850
1055460
1055870
1055930
1058730
1062050
1064750
1066730
1067730
1069500
1070400
1071030
1072850
1074250
1076300
1076730
1079870
1080360
1085730
1085800
1087070
1087770
1088980
1089100
1089800
1097650
1098230
1103040
1103050
1103080
1108030
1108360
1109960
1110560
1114990
1118500
1118870
1124010
1124510
1125770
1126630
1128150
1130970
1132300
1135320
1137630
1139780
1143130
1143340
1143870
1144060
1144900
1145670
1145860
1147140
1147520
1148460
1149900
1152780
1153030
1156320
1158230
1159490
1159880
1164020
1165010
1166100
1168160
1169640
1172340
1175180
1176840
1177350
1177950
1178060
1180820
1182690
1183650
1186760
1187670
1189120
1191700
1193380
1193680
1200870
1203030
1206320
427970
993330
1006170
1145740
908960
917610
969950
973310
1001810
1001990
1009100
1013810
1015150
1018700
1020010
1023020
1023610
1040910
1048170
1052560
1062850
1068100
1079420
1081910
1082640
1082990
1083000
1085210
1092190
1107190
1119630
1120900
1123520
1135800
1148890
1153550
1155490
1156470
1177300
1179150
1188070
1188670
1205690
1211800
576390
974450
1113750
1075120
956780
994310
1062200
1135570
623820
937160
1002600
1012160
1029660
1042860
1047910
1059320
1060470
1083290
1090540
1168320
1190980
1122270
979910
1118820
1201910
1145240
843860
1100920
1191540
1199150
928460
1005530
1122870
1138320
1190780
995210
1132410
1011630
1024220
995840
979500
1157330
1209060
841140
1111760
950510
1036920
939700
714250
680940
1071770
960680
1018090
1142790
1159990
1169340
769110
1052500
953740
1004710
862790
1010260
1042590
1097690
1144070
1022770
858010
984520
1001390
1017800
1045740
1070280
1081140
1096430
1118590
1122860
1123060
1190120
1128000
1002230
698610
836600
717710
868370
897950
968410
968920
987660
1011140
1016740
1020610
1032090
1042290
1052010
1054900
1073040
1097600
1103650
1109280
1111100
1112860
1151090
1153110
1167270
1195820
909970
729030
987630
1106790
1030950
1004050
964390
891430
1168990
967440
862650
1199640
1044930
862590
967180
1006470
1012070
1050080
1065030
1124020
1144350
746760
1164930
578990
1032270
1141640
272920
721990
727010
852650
873740
923340
973720
980560
984810
985660
991130
998530
998950
999180
1004180
1010120
1014030
1019080
1020360
1024450
1028990
1031560
1036010
1062210
1062640
1067460
1068900
1088800
1100050
1103060
1103690
1107100
1112120
1116010
1125690
1141750
1155500
1156200
1163620
1163830
1167350
1174890
1175550
1178020
1182210
1189970
1201620
921970
1016710
1052920
1022180
1103630
1009070
1196750
1023960
1136390
893120
1000310
1042900
1049730
1060690
1073020
1081720
1084810
1095650
1111990
1117490
1150580
1156570
1185570
1195550
1202810
957050
1051830
1099830
1005950
1050540
1077110
1159890
1188060
1007990
563500
923970
628410
884090
1101980
1067560
935610
1033330
1106030
1033120
928070
998010
946670
1038670
1031130
1057310
1062240
1083410
1101200
1113650
1114340
1169500
792940
1067250
789520
1158450
907720
1008370
1065160
1109670
1061260
965970
989110
1001760
1017370
1021290
1022170
1030330
1046560
1050910
1066440
1086220
1091100
1098430
1103300
1122760
1123410
1136250
1144670
1147200
1147620
1156030
1162330
1162950
1190370
932690
960610
970970
982240
1192870
955890
714370
706950
1077320
1098530
1138150
1146250
1205020
1211790
1021780
985920
340190
1136110
1024600
1088130
650310
906250
941710
961710
962860
988070
1003650
1017360
1018770
1028410
1057730
1060110
1092080
1092300
1109980
1112710
1112950
1153120
1072920
1208120
1087040
1142870
1116520
958230
602490
983890
973640
935680
939810
1003530
1042880
1044300
1054520
1142000
1154360
1161820
1019240
1024150
1080440
1174810
674550
968590
1011370
1115040
1131420
1159340
1159590
1060320
1135240
1001170
1076600
796330
1048640
661190
985770
1033720
1166510
1197840
857590
1061930
1043020
664720
970650
1009230
1008690
1082780
1176090
1051630
1153890
970660
1173340
1122110
1007970
1203430
1036320
1079340
978610
913780
586100
996830
